2.932637122729625859e-02 2.289392541243726320e-01 4.643154554252661159e-02 0.000000000000000000e+00 4.096239112331480706e-03 0.000000000000000000e+00 0.000000000000000000e+00 0.000000000000000000e+00 6.912065899934730639e-01 0.000000000000000000e+00 0.000000000000000000e+00 0.000000000000000000e+00 0.000000000000000000e+00 0.000000000000000000e+00 0.000000000000000000e+00 0.000000000000000000e+00 0.000000000000000000e+00 0.000000000000000000e+00 0.000000000000000000e+00 0.000000000000000000e+00 0.000000000000000000e+00 0.000000000000000000e+00 0.000000000000000000e+00 0.000000000000000000e+00 0.000000000000000000e+00
3.144592476489028315e-02 5.877742946708464263e-04 5.887539184952977900e-02 1.997452978056426243e-01 3.330721003134796271e-03 4.045846394984325967e-02 3.252351097178683703e-02 1.959247648902821240e-04 1.586990595611285221e-02 4.604231974921629833e-01 5.329153605015674033e-02 9.796238244514105659e-04 9.796238244514105659e-04 3.918495297805642480e-04 2.938871473354232131e-04 0.000000000000000000e+00 5.975705329153604972e-03 9.423981191222570442e-02 0.000000000000000000e+00 0.000000000000000000e+00 0.000000000000000000e+00 3.918495297805642480e-04 0.000000000000000000e+00 0.000000000000000000e+00 0.000000000000000000e+00
2.195550351288056215e-02 5.562060889929742492e-03 4.039812646370023741e-02 1.589578454332552793e-01 2.927400468384075069e-02 8.987119437939110334e-02 1.024590163934426153e-02 0.000000000000000000e+00 2.927400468384075156e-03 9.367681498829039805e-03 4.224238875878220112e-01 0.000000000000000000e+00 2.049180327868852514e-01 0.000000000000000000e+00 0.000000000000000000e+00 0.000000000000000000e+00 4.098360655737705131e-03 0.000000000000000000e+00 0.000000000000000000e+00 0.000000000000000000e+00 0.000000000000000000e+00 0.000000000000000000e+00 0.000000000000000000e+00 0.000000000000000000e+00 0.000000000000000000e+00
2.462526766595288935e-02 3.211991434689507458e-03 1.784439685938615230e-03 6.531049250535331252e-02 1.070663811563169225e-03 1.463240542469664528e-02 5.745895788722341080e-02 1.713062098501070551e-01 1.427551748750892227e-03 2.498215560314061452e-03 4.996431120628122904e-03 3.775874375446109932e-01 0.000000000000000000e+00 1.088508208422555301e-01 6.745182012847965314e-02 3.568879371877230569e-04 0.000000000000000000e+00 3.211991434689507458e-03 6.423982869379014915e-03 1.356174161313347670e-02 7.137758743754461137e-04 7.173447537473233437e-02 0.000000000000000000e+00 0.000000000000000000e+00 1.784439685938615230e-03
2.229299363057324693e-02 3.184713375796178504e-03 0.000000000000000000e+00 0.000000000000000000e+00 2.547770700636942803e-02 2.770700636942675099e-01 5.732484076433121134e-02 0.000000000000000000e+00 3.184713375796178504e-03 0.000000000000000000e+00 0.000000000000000000e+00 0.000000000000000000e+00 6.082802547770700397e-01 0.000000000000000000e+00 0.000000000000000000e+00 0.000000000000000000e+00 3.184713375796178504e-03 0.000000000000000000e+00 0.000000000000000000e+00 0.000000000000000000e+00 0.000000000000000000e+00 0.000000000000000000e+00 0.000000000000000000e+00 0.000000000000000000e+00 0.000000000000000000e+00
2.505694760820045483e-02 1.138952164009111563e-03 0.000000000000000000e+00 4.100227790432801889e-02 0.000000000000000000e+00 5.580865603644646900e-02 5.808656036446468995e-02 1.765375854214122908e-01 0.000000000000000000e+00 4.555808656036446254e-03 0.000000000000000000e+00 1.480637813211845184e-02 1.138952164009111694e-02 4.715261958997721825e-01 6.150341685649202833e-02 0.000000000000000000e+00 0.000000000000000000e+00 1.138952164009111563e-03 4.555808656036446254e-03 0.000000000000000000e+00 5.694760820045558468e-03 6.719817767653758767e-02 0.000000000000000000e+00 0.000000000000000000e+00 0.000000000000000000e+00
2.853067047075606363e-02 2.853067047075606363e-03 0.000000000000000000e+00 1.426533523537803182e-03 5.706134094151212727e-03 7.417974322396576892e-02 5.135520684736091107e-02 1.640513552068473546e-01 0.000000000000000000e+00 0.000000000000000000e+00 1.426533523537803182e-03 5.706134094151212727e-03 1.426533523537803216e-01 9.985734664764621404e-03 5.078459343794579084e-01 0.000000000000000000e+00 0.000000000000000000e+00 0.000000000000000000e+00 1.426533523537803182e-03 0.000000000000000000e+00 2.853067047075606363e-03 0.000000000000000000e+00 0.000000000000000000e+00 0.000000000000000000e+00 0.000000000000000000e+00
3.096539162112932689e-02 0.000000000000000000e+00 0.000000000000000000e+00 1.183970856102003685e-02 0.000000000000000000e+00 3.642987249544626591e-03 4.644808743169399207e-02 2.677595628415300744e-01 0.000000000000000000e+00 0.000000000000000000e+00 0.000000000000000000e+00 4.553734061930783672e-03 6.375227686703096967e-03 7.650273224043716014e-02 5.646630236794171476e-02 4.080145719489982059e-01 0.000000000000000000e+00 0.000000000000000000e+00 0.000000000000000000e+00 2.732240437158469943e-03 2.732240437158469943e-03 4.644808743169399207e-02 1.730418943533697587e-02 1.730418943533697587e-02 9.107468123861566477e-04
0.000000000000000000e+00 0.000000000000000000e+00 0.000000000000000000e+00 0.000000000000000000e+00 0.000000000000000000e+00 0.000000000000000000e+00 0.000000000000000000e+00 0.000000000000000000e+00 2.749393967289576191e-02 2.288809107367516527e-01 4.326613274417748234e-02 3.068520052778545243e-05 3.620853662278683115e-03 0.000000000000000000e+00 0.000000000000000000e+00 0.000000000000000000e+00 6.966767927828407814e-01 0.000000000000000000e+00 0.000000000000000000e+00 0.000000000000000000e+00 3.068520052778545243e-05 0.000000000000000000e+00 0.000000000000000000e+00 0.000000000000000000e+00 0.000000000000000000e+00
0.000000000000000000e+00 0.000000000000000000e+00 0.000000000000000000e+00 0.000000000000000000e+00 0.000000000000000000e+00 0.000000000000000000e+00 0.000000000000000000e+00 0.000000000000000000e+00 2.820345614607108059e-02 2.037821975872187736e-03 6.936746005868926757e-02 1.992989892402999563e-01 3.831105314639713169e-03 4.246820997717639518e-02 3.073035539615259076e-02 4.075643951744375689e-04 2.200847733941962980e-02 4.541082491033583413e-01 4.369090316269970409e-02 1.141180306488425236e-03 1.956309096837300157e-03 3.260515161395500443e-04 1.630257580697750221e-04 0.000000000000000000e+00 1.002608412129116361e-01
0.000000000000000000e+00 0.000000000000000000e+00 0.000000000000000000e+00 0.000000000000000000e+00 0.000000000000000000e+00 0.000000000000000000e+00 0.000000000000000000e+00 0.000000000000000000e+00 2.639166112220004551e-02 4.879130627633621910e-03 4.990019960079840333e-02 1.732091372809935748e-01 4.213794632956309461e-02 6.076735418052783139e-02 8.649367930805056115e-03 0.000000000000000000e+00 7.762253271235306992e-03 7.762253271235306992e-03 4.524284763805722087e-01 2.217786648924373349e-04 1.601241960523397678e-01 0.000000000000000000e+00 0.000000000000000000e+00 0.000000000000000000e+00 5.766245287203371032e-03
0.000000000000000000e+00 0.000000000000000000e+00 0.000000000000000000e+00 0.000000000000000000e+00 0.000000000000000000e+00 0.000000000000000000e+00 0.000000000000000000e+00 0.000000000000000000e+00 3.223174214606282922e-02 6.323949408404732492e-03 1.427988576091391215e-03 8.751529987760098273e-02 4.079967360261117911e-04 2.243982048143614710e-02 4.793961648306813844e-02 1.525907792737657975e-01 1.631986944104447165e-03 4.895960832313341060e-03 6.731946144430844825e-03 4.098327213382292888e-01 8.159934720522235823e-04 8.853529171766626182e-02 3.855569155446756519e-02 2.039983680130558956e-04 9.791921664626683508e-02
0.000000000000000000e+00 0.000000000000000000e+00 0.000000000000000000e+00 0.000000000000000000e+00 0.000000000000000000e+00 0.000000000000000000e+00 0.000000000000000000e+00 0.000000000000000000e+00 2.760252365930599208e-02 4.731861198738170418e-03 0.000000000000000000e+00 0.000000000000000000e+00 1.182965299684542518e-02 3.044164037854889537e-01 5.599369085173501459e-02 0.000000000000000000e+00 3.154574132492113468e-03 2.287066246056782340e-02 5.520504731861199110e-03 0.000000000000000000e+00 5.583596214511040712e-01 0.000000000000000000e+00 0.000000000000000000e+00 0.000000000000000000e+00 5.520504731861199110e-03
0.000000000000000000e+00 0.000000000000000000e+00 0.000000000000000000e+00 0.000000000000000000e+00 0.000000000000000000e+00 0.000000000000000000e+00 0.000000000000000000e+00 0.000000000000000000e+00 2.481076534903280117e-02 0.000000000000000000e+00 0.000000000000000000e+00 4.415475189234650821e-02 1.682085786375105054e-03 6.560134566862910188e-02 5.508830950378469649e-02 2.010092514718250511e-01 0.000000000000000000e+00 2.102607232968881426e-03 8.410428931875525271e-04 7.989907485281749766e-03 1.766190075693860329e-02 4.167367535744322948e-01 5.677039529015980024e-02 1.261564339781328899e-03 1.042893187552565160e-01
0.000000000000000000e+00 0.000000000000000000e+00 0.000000000000000000e+00 0.000000000000000000e+00 0.000000000000000000e+00 0.000000000000000000e+00 0.000000000000000000e+00 0.000000000000000000e+00 2.427685950413223034e-02 5.165289256198347251e-04 3.099173553719008350e-03 1.033057851239669450e-03 1.756198347107438065e-02 6.869834710743800976e-02 6.250000000000000000e-02 2.252066115702479332e-01 0.000000000000000000e+00 0.000000000000000000e+00 2.066115702479338900e-03 1.136363636363636395e-02 1.198347107438016562e-01 2.324380165289256089e-02 4.230371900826446208e-01 0.000000000000000000e+00 1.756198347107438065e-02
0.000000000000000000e+00 0.000000000000000000e+00 0.000000000000000000e+00 0.000000000000000000e+00 0.000000000000000000e+00 0.000000000000000000e+00 0.000000000000000000e+00 0.000000000000000000e+00 2.359671076153021033e-02 0.000000000000000000e+00 0.000000000000000000e+00 1.680371826957454545e-02 0.000000000000000000e+00 4.290311047550947332e-03 5.255631033249910655e-02 2.445477297104040049e-01 0.000000000000000000e+00 0.000000000000000000e+00 3.575259206292456110e-04 4.290311047550947332e-03 0.000000000000000000e+00 8.115838398283875543e-02 5.076868072935288023e-02 4.140150160886664210e-01 1.076153021094029272e-01
0.000000000000000000e+00 0.000000000000000000e+00 0.000000000000000000e+00 0.000000000000000000e+00 0.000000000000000000e+00 0.000000000000000000e+00 0.000000000000000000e+00 0.000000000000000000e+00 0.000000000000000000e+00 0.000000000000000000e+00 0.000000000000000000e+00 0.000000000000000000e+00 0.000000000000000000e+00 0.000000000000000000e+00 0.000000000000000000e+00 0.000000000000000000e+00 2.938904922564123529e-02 2.327547660664200657e-01 4.479492703548636212e-02 4.064875411568635421e-05 3.780334132758831050e-03 8.129750823137270842e-05 0.000000000000000000e+00 0.000000000000000000e+00 6.891589772773464295e-01
0.000000000000000000e+00 0.000000000000000000e+00 0.000000000000000000e+00 0.000000000000000000e+00 0.000000000000000000e+00 0.000000000000000000e+00 0.000000000000000000e+00 0.000000000000000000e+00 0.000000000000000000e+00 0.000000000000000000e+00 0.000000000000000000e+00 0.000000000000000000e+00 0.000000000000000000e+00 0.000000000000000000e+00 0.000000000000000000e+00 0.000000000000000000e+00 2.521141231328538623e-02 2.094364972733738992e-02 7.350035564688216227e-02 1.740298743381016311e-01 4.030664664506440967e-03 4.473247451197344404e-02 1.628072393898680192e-02 1.580652809610369187e-04 6.411127795779657523e-01
0.000000000000000000e+00 0.000000000000000000e+00 0.000000000000000000e+00 0.000000000000000000e+00 0.000000000000000000e+00 0.000000000000000000e+00 0.000000000000000000e+00 0.000000000000000000e+00 0.000000000000000000e+00 0.000000000000000000e+00 0.000000000000000000e+00 0.000000000000000000e+00 0.000000000000000000e+00 0.000000000000000000e+00 0.000000000000000000e+00 0.000000000000000000e+00 2.584978628129452546e-02 2.035416242621616119e-04 5.231019743537553696e-02 2.173824547119886097e-01 3.399145125178099081e-02 2.361082841441074567e-02 3.663749236718909230e-03 0.000000000000000000e+00 6.429879910441684832e-01
0.000000000000000000e+00 0.000000000000000000e+00 0.000000000000000000e+00 0.000000000000000000e+00 0.000000000000000000e+00 0.000000000000000000e+00 0.000000000000000000e+00 0.000000000000000000e+00 0.000000000000000000e+00 0.000000000000000000e+00 0.000000000000000000e+00 0.000000000000000000e+00 0.000000000000000000e+00 0.000000000000000000e+00 0.000000000000000000e+00 0.000000000000000000e+00 2.622018638445743066e-02 7.265834781235191650e-03 4.896540830832411990e-03 1.097772863686621442e-01 3.159058600537039871e-04 1.389985784236297608e-02 3.411783288580003126e-02 1.385247196335492037e-01 6.649818354130468956e-01
0.000000000000000000e+00 0.000000000000000000e+00 0.000000000000000000e+00 0.000000000000000000e+00 0.000000000000000000e+00 0.000000000000000000e+00 0.000000000000000000e+00 0.000000000000000000e+00 0.000000000000000000e+00 0.000000000000000000e+00 0.000000000000000000e+00 0.000000000000000000e+00 0.000000000000000000e+00 0.000000000000000000e+00 0.000000000000000000e+00 0.000000000000000000e+00 2.646775745909528410e-02 0.000000000000000000e+00 0.000000000000000000e+00 0.000000000000000000e+00 2.021174205967276108e-02 2.752646775745909435e-01 4.860442733397497828e-02 4.812319538017324609e-04 6.289701636188642642e-01
0.000000000000000000e+00 0.000000000000000000e+00 0.000000000000000000e+00 0.000000000000000000e+00 0.000000000000000000e+00 0.000000000000000000e+00 0.000000000000000000e+00 0.000000000000000000e+00 0.000000000000000000e+00 0.000000000000000000e+00 0.000000000000000000e+00 0.000000000000000000e+00 0.000000000000000000e+00 0.000000000000000000e+00 0.000000000000000000e+00 0.000000000000000000e+00 2.564102564102564014e-02 2.699055330634277886e-04 2.699055330634277886e-04 6.396761133603239002e-02 8.097165991902833659e-04 8.906882591093116808e-02 4.129554655870445318e-02 1.614035087719298267e-01 6.172739541160593424e-01
0.000000000000000000e+00 0.000000000000000000e+00 0.000000000000000000e+00 0.000000000000000000e+00 0.000000000000000000e+00 0.000000000000000000e+00 0.000000000000000000e+00 0.000000000000000000e+00 0.000000000000000000e+00 0.000000000000000000e+00 0.000000000000000000e+00 0.000000000000000000e+00 0.000000000000000000e+00 0.000000000000000000e+00 0.000000000000000000e+00 0.000000000000000000e+00 2.460755197284683962e-02 0.000000000000000000e+00 3.394145099703012227e-03 0.000000000000000000e+00 2.078913873568094886e-02 2.757742893508697418e-02 5.218498090793381727e-02 2.388629613915994876e-01 6.325837929571489493e-01
0.000000000000000000e+00 0.000000000000000000e+00 0.000000000000000000e+00 0.000000000000000000e+00 0.000000000000000000e+00 0.000000000000000000e+00 0.000000000000000000e+00 0.000000000000000000e+00 0.000000000000000000e+00 0.000000000000000000e+00 0.000000000000000000e+00 0.000000000000000000e+00 0.000000000000000000e+00 0.000000000000000000e+00 0.000000000000000000e+00 0.000000000000000000e+00 2.717391304347826012e-02 0.000000000000000000e+00 4.725897920604915062e-04 1.937618147448015235e-02 0.000000000000000000e+00 2.835538752362949146e-03 4.914933837429111274e-02 2.417296786389414032e-01 6.592627599243856551e-01
0.000000000000000000e+00 0.000000000000000000e+00 0.000000000000000000e+00 0.000000000000000000e+00 0.000000000000000000e+00 0.000000000000000000e+00 0.000000000000000000e+00 0.000000000000000000e+00 0.000000000000000000e+00 0.000000000000000000e+00 0.000000000000000000e+00 0.000000000000000000e+00 0.000000000000000000e+00 0.000000000000000000e+00 0.000000000000000000e+00 0.000000000000000000e+00 0.000000000000000000e+00 0.000000000000000000e+00 0.000000000000000000e+00 0.000000000000000000e+00 0.000000000000000000e+00 0.000000000000000000e+00 0.000000000000000000e+00 0.000000000000000000e+00 1.000000000000000000e+00
