3.022162525184687865e-02 2.189388851578240314e-01 3.895231699126931041e-02 0.000000000000000000e+00 6.044325050369375035e-03 0.000000000000000000e+00 0.000000000000000000e+00 0.000000000000000000e+00 7.058428475486904219e-01 0.000000000000000000e+00 0.000000000000000000e+00 0.000000000000000000e+00 0.000000000000000000e+00 0.000000000000000000e+00 0.000000000000000000e+00 0.000000000000000000e+00 0.000000000000000000e+00 0.000000000000000000e+00 0.000000000000000000e+00 0.000000000000000000e+00 0.000000000000000000e+00 0.000000000000000000e+00 0.000000000000000000e+00 0.000000000000000000e+00 0.000000000000000000e+00
3.374233128834355777e-02 0.000000000000000000e+00 5.828220858895705181e-02 1.564417177914110557e-01 0.000000000000000000e+00 3.987730061349693128e-02 1.840490797546012400e-02 0.000000000000000000e+00 1.226993865030674875e-02 5.245398773006134663e-01 6.748466257668711554e-02 0.000000000000000000e+00 6.134969325153374377e-03 0.000000000000000000e+00 0.000000000000000000e+00 0.000000000000000000e+00 6.134969325153374377e-03 7.668711656441717928e-02 0.000000000000000000e+00 0.000000000000000000e+00 0.000000000000000000e+00 0.000000000000000000e+00 0.000000000000000000e+00 0.000000000000000000e+00 0.000000000000000000e+00
2.884615384615384776e-02 0.000000000000000000e+00 4.807692307692307959e-02 1.153846153846153910e-01 9.615384615384615918e-03 7.692307692307692735e-02 0.000000000000000000e+00 0.000000000000000000e+00 0.000000000000000000e+00 9.615384615384615918e-03 5.096153846153845812e-01 0.000000000000000000e+00 2.019230769230769273e-01 0.000000000000000000e+00 0.000000000000000000e+00 0.000000000000000000e+00 0.000000000000000000e+00 0.000000000000000000e+00 0.000000000000000000e+00 0.000000000000000000e+00 0.000000000000000000e+00 0.000000000000000000e+00 0.000000000000000000e+00 0.000000000000000000e+00 0.000000000000000000e+00
4.411764705882353227e-02 0.000000000000000000e+00 0.000000000000000000e+00 4.411764705882353227e-02 0.000000000000000000e+00 1.470588235294117627e-02 5.882352941176470507e-02 1.764705882352941291e-01 0.000000000000000000e+00 0.000000000000000000e+00 0.000000000000000000e+00 3.088235294117647189e-01 0.000000000000000000e+00 7.352941176470588480e-02 1.764705882352941291e-01 0.000000000000000000e+00 0.000000000000000000e+00 0.000000000000000000e+00 0.000000000000000000e+00 1.470588235294117627e-02 0.000000000000000000e+00 8.823529411764706454e-02 0.000000000000000000e+00 0.000000000000000000e+00 0.000000000000000000e+00
1.818181818181818232e-01 0.000000000000000000e+00 0.000000000000000000e+00 0.000000000000000000e+00 9.090909090909091161e-02 3.636363636363636465e-01 9.090909090909091161e-02 0.000000000000000000e+00 0.000000000000000000e+00 0.000000000000000000e+00 0.000000000000000000e+00 0.000000000000000000e+00 2.727272727272727071e-01 0.000000000000000000e+00 0.000000000000000000e+00 0.000000000000000000e+00 0.000000000000000000e+00 0.000000000000000000e+00 0.000000000000000000e+00 0.000000000000000000e+00 0.000000000000000000e+00 0.000000000000000000e+00 0.000000000000000000e+00 0.000000000000000000e+00 0.000000000000000000e+00
0.000000000000000000e+00 0.000000000000000000e+00 0.000000000000000000e+00 7.692307692307692735e-02 0.000000000000000000e+00 3.846153846153846367e-02 7.692307692307692735e-02 1.923076923076923184e-01 0.000000000000000000e+00 0.000000000000000000e+00 0.000000000000000000e+00 0.000000000000000000e+00 0.000000000000000000e+00 4.615384615384615641e-01 7.692307692307692735e-02 0.000000000000000000e+00 0.000000000000000000e+00 0.000000000000000000e+00 0.000000000000000000e+00 0.000000000000000000e+00 3.846153846153846367e-02 3.846153846153846367e-02 0.000000000000000000e+00 0.000000000000000000e+00 0.000000000000000000e+00
0.000000000000000000e+00 0.000000000000000000e+00 0.000000000000000000e+00 0.000000000000000000e+00 0.000000000000000000e+00 7.142857142857142461e-02 0.000000000000000000e+00 2.142857142857142738e-01 0.000000000000000000e+00 0.000000000000000000e+00 0.000000000000000000e+00 0.000000000000000000e+00 7.142857142857142461e-02 7.142857142857142461e-02 5.714285714285713969e-01 0.000000000000000000e+00 0.000000000000000000e+00 0.000000000000000000e+00 0.000000000000000000e+00 0.000000000000000000e+00 0.000000000000000000e+00 0.000000000000000000e+00 0.000000000000000000e+00 0.000000000000000000e+00 0.000000000000000000e+00
8.571428571428571508e-02 0.000000000000000000e+00 0.000000000000000000e+00 0.000000000000000000e+00 0.000000000000000000e+00 0.000000000000000000e+00 2.857142857142857054e-02 3.714285714285714413e-01 0.000000000000000000e+00 0.000000000000000000e+00 0.000000000000000000e+00 0.000000000000000000e+00 0.000000000000000000e+00 8.571428571428571508e-02 5.714285714285714107e-02 2.571428571428571175e-01 0.000000000000000000e+00 0.000000000000000000e+00 0.000000000000000000e+00 0.000000000000000000e+00 0.000000000000000000e+00 8.571428571428571508e-02 0.000000000000000000e+00 0.000000000000000000e+00 2.857142857142857054e-02
0.000000000000000000e+00 0.000000000000000000e+00 0.000000000000000000e+00 0.000000000000000000e+00 0.000000000000000000e+00 0.000000000000000000e+00 0.000000000000000000e+00 0.000000000000000000e+00 3.377777777777777463e-02 2.204444444444444429e-01 4.177777777777777479e-02 0.000000000000000000e+00 4.444444444444444441e-03 0.000000000000000000e+00 0.000000000000000000e+00 0.000000000000000000e+00 6.995555555555555971e-01 0.000000000000000000e+00 0.000000000000000000e+00 0.000000000000000000e+00 0.000000000000000000e+00 0.000000000000000000e+00 0.000000000000000000e+00 0.000000000000000000e+00 0.000000000000000000e+00
0.000000000000000000e+00 0.000000000000000000e+00 0.000000000000000000e+00 0.000000000000000000e+00 0.000000000000000000e+00 0.000000000000000000e+00 0.000000000000000000e+00 0.000000000000000000e+00 3.990610328638497656e-02 4.694835680751173815e-03 6.807511737089201598e-02 1.784037558685445946e-01 2.347417840375586907e-03 4.460093896713614864e-02 2.347417840375586734e-02 0.000000000000000000e+00 3.051643192488262893e-02 4.741784037558685605e-01 3.521126760563380448e-02 0.000000000000000000e+00 2.347417840375586907e-03 2.347417840375586907e-03 2.347417840375586907e-03 0.000000000000000000e+00 9.154929577464789026e-02
0.000000000000000000e+00 0.000000000000000000e+00 0.000000000000000000e+00 0.000000000000000000e+00 0.000000000000000000e+00 0.000000000000000000e+00 0.000000000000000000e+00 0.000000000000000000e+00 5.732484076433121134e-02 6.369426751592357008e-03 3.821656050955413858e-02 1.528662420382165543e-01 3.821656050955413858e-02 5.095541401273885607e-02 3.184713375796178331e-02 0.000000000000000000e+00 6.369426751592357008e-03 1.273885350318471402e-02 4.140127388535032038e-01 0.000000000000000000e+00 1.847133757961783307e-01 0.000000000000000000e+00 0.000000000000000000e+00 0.000000000000000000e+00 6.369426751592357008e-03
0.000000000000000000e+00 0.000000000000000000e+00 0.000000000000000000e+00 0.000000000000000000e+00 0.000000000000000000e+00 0.000000000000000000e+00 0.000000000000000000e+00 0.000000000000000000e+00 2.985074626865671585e-02 2.985074626865671585e-02 0.000000000000000000e+00 7.462686567164178442e-02 0.000000000000000000e+00 1.492537313432835792e-02 3.731343283582089221e-02 1.492537313432835688e-01 0.000000000000000000e+00 7.462686567164178962e-03 0.000000000000000000e+00 3.582089552238805763e-01 0.000000000000000000e+00 1.492537313432835688e-01 5.223880597014925187e-02 0.000000000000000000e+00 9.701492537313433084e-02
0.000000000000000000e+00 0.000000000000000000e+00 0.000000000000000000e+00 0.000000000000000000e+00 0.000000000000000000e+00 0.000000000000000000e+00 0.000000000000000000e+00 0.000000000000000000e+00 0.000000000000000000e+00 0.000000000000000000e+00 0.000000000000000000e+00 0.000000000000000000e+00 0.000000000000000000e+00 3.333333333333333148e-01 9.090909090909091161e-02 0.000000000000000000e+00 0.000000000000000000e+00 3.030303030303030387e-02 3.030303030303030387e-02 0.000000000000000000e+00 5.151515151515151381e-01 0.000000000000000000e+00 0.000000000000000000e+00 0.000000000000000000e+00 0.000000000000000000e+00
0.000000000000000000e+00 0.000000000000000000e+00 0.000000000000000000e+00 0.000000000000000000e+00 0.000000000000000000e+00 0.000000000000000000e+00 0.000000000000000000e+00 0.000000000000000000e+00 2.941176470588235253e-02 0.000000000000000000e+00 0.000000000000000000e+00 1.470588235294117627e-02 0.000000000000000000e+00 7.352941176470588480e-02 2.941176470588235253e-02 2.500000000000000000e-01 0.000000000000000000e+00 0.000000000000000000e+00 0.000000000000000000e+00 0.000000000000000000e+00 2.941176470588235253e-02 4.558823529411764608e-01 2.941176470588235253e-02 0.000000000000000000e+00 8.823529411764706454e-02
0.000000000000000000e+00 0.000000000000000000e+00 0.000000000000000000e+00 0.000000000000000000e+00 0.000000000000000000e+00 0.000000000000000000e+00 0.000000000000000000e+00 0.000000000000000000e+00 0.000000000000000000e+00 0.000000000000000000e+00 0.000000000000000000e+00 0.000000000000000000e+00 1.449275362318840597e-02 4.347826086956521618e-02 1.014492753623188470e-01 2.173913043478260809e-01 0.000000000000000000e+00 0.000000000000000000e+00 0.000000000000000000e+00 1.449275362318840597e-02 1.449275362318840632e-01 0.000000000000000000e+00 4.492753623188405765e-01 0.000000000000000000e+00 1.449275362318840597e-02
0.000000000000000000e+00 0.000000000000000000e+00 0.000000000000000000e+00 0.000000000000000000e+00 0.000000000000000000e+00 0.000000000000000000e+00 0.000000000000000000e+00 0.000000000000000000e+00 0.000000000000000000e+00 0.000000000000000000e+00 0.000000000000000000e+00 1.351351351351351426e-02 0.000000000000000000e+00 0.000000000000000000e+00 8.108108108108108558e-02 1.891891891891891997e-01 0.000000000000000000e+00 0.000000000000000000e+00 0.000000000000000000e+00 1.351351351351351426e-02 0.000000000000000000e+00 1.081081081081081141e-01 4.054054054054054279e-02 4.189189189189189144e-01 1.351351351351351426e-01
0.000000000000000000e+00 0.000000000000000000e+00 0.000000000000000000e+00 0.000000000000000000e+00 0.000000000000000000e+00 0.000000000000000000e+00 0.000000000000000000e+00 0.000000000000000000e+00 0.000000000000000000e+00 0.000000000000000000e+00 0.000000000000000000e+00 0.000000000000000000e+00 0.000000000000000000e+00 0.000000000000000000e+00 0.000000000000000000e+00 0.000000000000000000e+00 2.830188679245283084e-02 2.181603773584905592e-01 4.245283018867924280e-02 0.000000000000000000e+00 7.075471698113207711e-03 0.000000000000000000e+00 0.000000000000000000e+00 0.000000000000000000e+00 7.040094339622641195e-01
0.000000000000000000e+00 0.000000000000000000e+00 0.000000000000000000e+00 0.000000000000000000e+00 0.000000000000000000e+00 0.000000000000000000e+00 0.000000000000000000e+00 0.000000000000000000e+00 0.000000000000000000e+00 0.000000000000000000e+00 0.000000000000000000e+00 0.000000000000000000e+00 0.000000000000000000e+00 0.000000000000000000e+00 0.000000000000000000e+00 0.000000000000000000e+00 3.597122302158273222e-02 4.796163069544364180e-03 8.393285371702638442e-02 1.726618705035971313e-01 7.194244604316547137e-03 5.275779376498800771e-02 1.438848920863309427e-02 0.000000000000000000e+00 6.282973621103117301e-01
0.000000000000000000e+00 0.000000000000000000e+00 0.000000000000000000e+00 0.000000000000000000e+00 0.000000000000000000e+00 0.000000000000000000e+00 0.000000000000000000e+00 0.000000000000000000e+00 0.000000000000000000e+00 0.000000000000000000e+00 0.000000000000000000e+00 0.000000000000000000e+00 0.000000000000000000e+00 0.000000000000000000e+00 0.000000000000000000e+00 0.000000000000000000e+00 1.910828025477706929e-02 0.000000000000000000e+00 3.184713375796178331e-02 2.547770700636942665e-01 3.184713375796178331e-02 1.910828025477706929e-02 0.000000000000000000e+00 0.000000000000000000e+00 6.433121019108279937e-01
0.000000000000000000e+00 0.000000000000000000e+00 0.000000000000000000e+00 0.000000000000000000e+00 0.000000000000000000e+00 0.000000000000000000e+00 0.000000000000000000e+00 0.000000000000000000e+00 0.000000000000000000e+00 0.000000000000000000e+00 0.000000000000000000e+00 0.000000000000000000e+00 0.000000000000000000e+00 0.000000000000000000e+00 0.000000000000000000e+00 0.000000000000000000e+00 2.139037433155080090e-02 0.000000000000000000e+00 0.000000000000000000e+00 1.176470588235294101e-01 0.000000000000000000e+00 2.139037433155080090e-02 1.604278074866310327e-02 8.556149732620320358e-02 7.379679144385026257e-01
0.000000000000000000e+00 0.000000000000000000e+00 0.000000000000000000e+00 0.000000000000000000e+00 0.000000000000000000e+00 0.000000000000000000e+00 0.000000000000000000e+00 0.000000000000000000e+00 0.000000000000000000e+00 0.000000000000000000e+00 0.000000000000000000e+00 0.000000000000000000e+00 0.000000000000000000e+00 0.000000000000000000e+00 0.000000000000000000e+00 0.000000000000000000e+00 2.702702702702702853e-02 0.000000000000000000e+00 0.000000000000000000e+00 0.000000000000000000e+00 1.351351351351351426e-02 2.567567567567567433e-01 5.405405405405405705e-02 0.000000000000000000e+00 6.486486486486486847e-01
0.000000000000000000e+00 0.000000000000000000e+00 0.000000000000000000e+00 0.000000000000000000e+00 0.000000000000000000e+00 0.000000000000000000e+00 0.000000000000000000e+00 0.000000000000000000e+00 0.000000000000000000e+00 0.000000000000000000e+00 0.000000000000000000e+00 0.000000000000000000e+00 0.000000000000000000e+00 0.000000000000000000e+00 0.000000000000000000e+00 0.000000000000000000e+00 8.000000000000000167e-03 0.000000000000000000e+00 0.000000000000000000e+00 2.400000000000000050e-02 0.000000000000000000e+00 9.600000000000000200e-02 4.000000000000000083e-02 1.039999999999999952e-01 7.279999999999999805e-01
0.000000000000000000e+00 0.000000000000000000e+00 0.000000000000000000e+00 0.000000000000000000e+00 0.000000000000000000e+00 0.000000000000000000e+00 0.000000000000000000e+00 0.000000000000000000e+00 0.000000000000000000e+00 0.000000000000000000e+00 0.000000000000000000e+00 0.000000000000000000e+00 0.000000000000000000e+00 0.000000000000000000e+00 0.000000000000000000e+00 0.000000000000000000e+00 2.739726027397260122e-02 0.000000000000000000e+00 1.369863013698630061e-02 0.000000000000000000e+00 2.739726027397260122e-02 1.369863013698630061e-02 4.109589041095890183e-02 2.191780821917808098e-01 6.575342465753424293e-01
0.000000000000000000e+00 0.000000000000000000e+00 0.000000000000000000e+00 0.000000000000000000e+00 0.000000000000000000e+00 0.000000000000000000e+00 0.000000000000000000e+00 0.000000000000000000e+00 0.000000000000000000e+00 0.000000000000000000e+00 0.000000000000000000e+00 0.000000000000000000e+00 0.000000000000000000e+00 0.000000000000000000e+00 0.000000000000000000e+00 0.000000000000000000e+00 2.105263157894736795e-02 0.000000000000000000e+00 0.000000000000000000e+00 2.105263157894736795e-02 0.000000000000000000e+00 0.000000000000000000e+00 5.263157894736841813e-02 1.578947368421052544e-01 7.473684210526315708e-01
0.000000000000000000e+00 0.000000000000000000e+00 0.000000000000000000e+00 0.000000000000000000e+00 0.000000000000000000e+00 0.000000000000000000e+00 0.000000000000000000e+00 0.000000000000000000e+00 0.000000000000000000e+00 0.000000000000000000e+00 0.000000000000000000e+00 0.000000000000000000e+00 0.000000000000000000e+00 0.000000000000000000e+00 0.000000000000000000e+00 0.000000000000000000e+00 0.000000000000000000e+00 0.000000000000000000e+00 0.000000000000000000e+00 0.000000000000000000e+00 0.000000000000000000e+00 0.000000000000000000e+00 0.000000000000000000e+00 0.000000000000000000e+00 1.000000000000000000e+00
