2.515295717199184100e-02 2.209381373215499600e-01 4.622705642420122524e-02 0.000000000000000000e+00 6.798096532970768213e-03 0.000000000000000000e+00 0.000000000000000000e+00 0.000000000000000000e+00 7.008837525492862541e-01 0.000000000000000000e+00 0.000000000000000000e+00 0.000000000000000000e+00 0.000000000000000000e+00 0.000000000000000000e+00 0.000000000000000000e+00 0.000000000000000000e+00 0.000000000000000000e+00 0.000000000000000000e+00 0.000000000000000000e+00 0.000000000000000000e+00 0.000000000000000000e+00 0.000000000000000000e+00 0.000000000000000000e+00 0.000000000000000000e+00 0.000000000000000000e+00
2.453987730061349751e-02 0.000000000000000000e+00 7.668711656441717928e-02 1.748466257668711554e-01 0.000000000000000000e+00 4.907975460122699501e-02 4.294478527607362150e-02 0.000000000000000000e+00 2.453987730061349751e-02 4.294478527607362150e-01 9.815950920245399003e-02 0.000000000000000000e+00 0.000000000000000000e+00 0.000000000000000000e+00 0.000000000000000000e+00 0.000000000000000000e+00 6.134969325153374377e-03 7.361963190184049599e-02 0.000000000000000000e+00 0.000000000000000000e+00 0.000000000000000000e+00 0.000000000000000000e+00 0.000000000000000000e+00 0.000000000000000000e+00 0.000000000000000000e+00
1.801801801801801786e-02 0.000000000000000000e+00 1.801801801801801786e-02 1.981981981981981999e-01 1.801801801801801786e-02 8.108108108108108558e-02 1.801801801801801786e-02 0.000000000000000000e+00 9.009009009009008931e-03 1.801801801801801786e-02 4.504504504504504570e-01 0.000000000000000000e+00 1.711711711711711714e-01 0.000000000000000000e+00 0.000000000000000000e+00 0.000000000000000000e+00 0.000000000000000000e+00 0.000000000000000000e+00 0.000000000000000000e+00 0.000000000000000000e+00 0.000000000000000000e+00 0.000000000000000000e+00 0.000000000000000000e+00 0.000000000000000000e+00 0.000000000000000000e+00
1.136363636363636395e-02 0.000000000000000000e+00 0.000000000000000000e+00 7.954545454545454419e-02 0.000000000000000000e+00 2.272727272727272790e-02 6.818181818181817677e-02 2.045454545454545581e-01 0.000000000000000000e+00 2.272727272727272790e-02 0.000000000000000000e+00 3.409090909090908839e-01 0.000000000000000000e+00 1.022727272727272790e-01 9.090909090909091161e-02 0.000000000000000000e+00 0.000000000000000000e+00 0.000000000000000000e+00 0.000000000000000000e+00 1.136363636363636395e-02 0.000000000000000000e+00 4.545454545454545581e-02 0.000000000000000000e+00 0.000000000000000000e+00 0.000000000000000000e+00
0.000000000000000000e+00 0.000000000000000000e+00 0.000000000000000000e+00 0.000000000000000000e+00 0.000000000000000000e+00 3.076923076923077094e-01 0.000000000000000000e+00 0.000000000000000000e+00 0.000000000000000000e+00 0.000000000000000000e+00 0.000000000000000000e+00 0.000000000000000000e+00 6.923076923076922906e-01 0.000000000000000000e+00 0.000000000000000000e+00 0.000000000000000000e+00 0.000000000000000000e+00 0.000000000000000000e+00 0.000000000000000000e+00 0.000000000000000000e+00 0.000000000000000000e+00 0.000000000000000000e+00 0.000000000000000000e+00 0.000000000000000000e+00 0.000000000000000000e+00
0.000000000000000000e+00 2.857142857142857054e-02 0.000000000000000000e+00 5.714285714285714107e-02 0.000000000000000000e+00 1.142857142857142821e-01 8.571428571428571508e-02 1.428571428571428492e-01 0.000000000000000000e+00 2.857142857142857054e-02 0.000000000000000000e+00 2.857142857142857054e-02 5.714285714285714107e-02 3.428571428571428603e-01 2.857142857142857054e-02 0.000000000000000000e+00 0.000000000000000000e+00 0.000000000000000000e+00 0.000000000000000000e+00 0.000000000000000000e+00 0.000000000000000000e+00 8.571428571428571508e-02 0.000000000000000000e+00 0.000000000000000000e+00 0.000000000000000000e+00
3.571428571428571230e-02 0.000000000000000000e+00 0.000000000000000000e+00 0.000000000000000000e+00 3.571428571428571230e-02 1.071428571428571369e-01 7.142857142857142461e-02 1.428571428571428492e-01 0.000000000000000000e+00 0.000000000000000000e+00 0.000000000000000000e+00 0.000000000000000000e+00 1.785714285714285754e-01 3.571428571428571230e-02 3.928571428571428492e-01 0.000000000000000000e+00 0.000000000000000000e+00 0.000000000000000000e+00 0.000000000000000000e+00 0.000000000000000000e+00 0.000000000000000000e+00 0.000000000000000000e+00 0.000000000000000000e+00 0.000000000000000000e+00 0.000000000000000000e+00
5.128205128205128027e-02 0.000000000000000000e+00 0.000000000000000000e+00 0.000000000000000000e+00 0.000000000000000000e+00 0.000000000000000000e+00 2.564102564102564014e-02 2.307692307692307820e-01 0.000000000000000000e+00 0.000000000000000000e+00 0.000000000000000000e+00 0.000000000000000000e+00 0.000000000000000000e+00 7.692307692307692735e-02 2.564102564102564014e-02 4.358974358974359031e-01 0.000000000000000000e+00 0.000000000000000000e+00 0.000000000000000000e+00 0.000000000000000000e+00 0.000000000000000000e+00 5.128205128205128027e-02 2.564102564102564014e-02 7.692307692307692735e-02 0.000000000000000000e+00
0.000000000000000000e+00 0.000000000000000000e+00 0.000000000000000000e+00 0.000000000000000000e+00 0.000000000000000000e+00 0.000000000000000000e+00 0.000000000000000000e+00 0.000000000000000000e+00 4.054054054054054279e-02 2.027027027027027140e-01 4.324324324324324564e-02 0.000000000000000000e+00 2.702702702702702853e-03 0.000000000000000000e+00 0.000000000000000000e+00 0.000000000000000000e+00 7.108108108108107670e-01 0.000000000000000000e+00 0.000000000000000000e+00 0.000000000000000000e+00 0.000000000000000000e+00 0.000000000000000000e+00 0.000000000000000000e+00 0.000000000000000000e+00 0.000000000000000000e+00
0.000000000000000000e+00 0.000000000000000000e+00 0.000000000000000000e+00 0.000000000000000000e+00 0.000000000000000000e+00 0.000000000000000000e+00 0.000000000000000000e+00 0.000000000000000000e+00 2.680965147453083161e-02 0.000000000000000000e+00 6.970509383378016566e-02 2.064343163538873982e-01 5.361930294906166322e-03 5.093833780160857833e-02 3.753351206434316079e-02 0.000000000000000000e+00 2.412868632707774671e-02 4.369973190348525605e-01 4.557640750670241547e-02 0.000000000000000000e+00 2.680965147453083161e-03 0.000000000000000000e+00 0.000000000000000000e+00 0.000000000000000000e+00 9.383378016085790196e-02
0.000000000000000000e+00 0.000000000000000000e+00 0.000000000000000000e+00 0.000000000000000000e+00 0.000000000000000000e+00 0.000000000000000000e+00 0.000000000000000000e+00 0.000000000000000000e+00 3.086419753086419582e-02 1.234567901234567833e-02 4.320987654320987414e-02 1.851851851851851749e-01 3.086419753086419582e-02 1.111111111111111049e-01 6.172839506172839164e-03 0.000000000000000000e+00 6.172839506172839164e-03 6.172839506172839164e-03 3.703703703703703498e-01 0.000000000000000000e+00 1.975308641975308532e-01 0.000000000000000000e+00 0.000000000000000000e+00 0.000000000000000000e+00 0.000000000000000000e+00
0.000000000000000000e+00 0.000000000000000000e+00 0.000000000000000000e+00 0.000000000000000000e+00 0.000000000000000000e+00 0.000000000000000000e+00 0.000000000000000000e+00 0.000000000000000000e+00 2.409638554216867595e-02 1.204819277108433798e-02 0.000000000000000000e+00 1.204819277108433728e-01 0.000000000000000000e+00 1.807228915662650523e-02 3.614457831325301046e-02 1.265060240963855331e-01 0.000000000000000000e+00 0.000000000000000000e+00 6.024096385542168988e-03 3.795180722891566272e-01 0.000000000000000000e+00 1.024096385542168641e-01 5.421686746987951916e-02 0.000000000000000000e+00 1.204819277108433728e-01
0.000000000000000000e+00 0.000000000000000000e+00 0.000000000000000000e+00 0.000000000000000000e+00 0.000000000000000000e+00 0.000000000000000000e+00 0.000000000000000000e+00 0.000000000000000000e+00 4.761904761904761640e-02 0.000000000000000000e+00 0.000000000000000000e+00 0.000000000000000000e+00 2.380952380952380820e-02 2.142857142857142738e-01 2.380952380952380820e-02 0.000000000000000000e+00 0.000000000000000000e+00 2.380952380952380820e-02 0.000000000000000000e+00 0.000000000000000000e+00 6.666666666666666297e-01 0.000000000000000000e+00 0.000000000000000000e+00 0.000000000000000000e+00 0.000000000000000000e+00
0.000000000000000000e+00 0.000000000000000000e+00 0.000000000000000000e+00 0.000000000000000000e+00 0.000000000000000000e+00 0.000000000000000000e+00 0.000000000000000000e+00 0.000000000000000000e+00 1.219512195121951262e-02 0.000000000000000000e+00 0.000000000000000000e+00 3.658536585365853439e-02 0.000000000000000000e+00 6.097560975609755962e-02 8.536585365853659180e-02 1.341463414634146423e-01 0.000000000000000000e+00 0.000000000000000000e+00 0.000000000000000000e+00 2.439024390243902524e-02 0.000000000000000000e+00 4.390243902439024404e-01 9.756097560975610095e-02 0.000000000000000000e+00 1.097560975609756101e-01
0.000000000000000000e+00 0.000000000000000000e+00 0.000000000000000000e+00 0.000000000000000000e+00 0.000000000000000000e+00 0.000000000000000000e+00 0.000000000000000000e+00 0.000000000000000000e+00 1.408450704225352144e-02 0.000000000000000000e+00 0.000000000000000000e+00 1.408450704225352144e-02 1.408450704225352144e-02 4.225352112676056260e-02 1.267605633802816878e-01 3.239436619718309984e-01 0.000000000000000000e+00 0.000000000000000000e+00 0.000000000000000000e+00 1.408450704225352144e-02 1.267605633802816878e-01 1.408450704225352144e-02 2.676056338028168780e-01 0.000000000000000000e+00 4.225352112676056260e-02
0.000000000000000000e+00 0.000000000000000000e+00 0.000000000000000000e+00 0.000000000000000000e+00 0.000000000000000000e+00 0.000000000000000000e+00 0.000000000000000000e+00 0.000000000000000000e+00 2.105263157894736795e-02 0.000000000000000000e+00 0.000000000000000000e+00 3.157894736842105365e-02 0.000000000000000000e+00 1.052631578947368397e-02 7.368421052631578261e-02 2.421052631578947401e-01 0.000000000000000000e+00 0.000000000000000000e+00 0.000000000000000000e+00 0.000000000000000000e+00 0.000000000000000000e+00 4.210526315789473589e-02 9.473684210526316096e-02 4.526315789473684403e-01 3.157894736842105365e-02
0.000000000000000000e+00 0.000000000000000000e+00 0.000000000000000000e+00 0.000000000000000000e+00 0.000000000000000000e+00 0.000000000000000000e+00 0.000000000000000000e+00 0.000000000000000000e+00 0.000000000000000000e+00 0.000000000000000000e+00 0.000000000000000000e+00 0.000000000000000000e+00 0.000000000000000000e+00 0.000000000000000000e+00 0.000000000000000000e+00 0.000000000000000000e+00 3.301886792452830149e-02 2.051886792452830288e-01 5.660377358490566169e-02 0.000000000000000000e+00 2.358490566037735759e-03 0.000000000000000000e+00 0.000000000000000000e+00 0.000000000000000000e+00 7.028301886792452935e-01
0.000000000000000000e+00 0.000000000000000000e+00 0.000000000000000000e+00 0.000000000000000000e+00 0.000000000000000000e+00 0.000000000000000000e+00 0.000000000000000000e+00 0.000000000000000000e+00 0.000000000000000000e+00 0.000000000000000000e+00 0.000000000000000000e+00 0.000000000000000000e+00 0.000000000000000000e+00 0.000000000000000000e+00 0.000000000000000000e+00 0.000000000000000000e+00 1.591511936339522551e-02 2.917771883289124735e-02 9.018567639257293878e-02 1.405835543766578155e-01 2.122015915119363286e-02 5.305039787798408735e-02 1.326259946949602184e-02 0.000000000000000000e+00 6.366047745358089927e-01
0.000000000000000000e+00 0.000000000000000000e+00 0.000000000000000000e+00 0.000000000000000000e+00 0.000000000000000000e+00 0.000000000000000000e+00 0.000000000000000000e+00 0.000000000000000000e+00 0.000000000000000000e+00 0.000000000000000000e+00 0.000000000000000000e+00 0.000000000000000000e+00 0.000000000000000000e+00 0.000000000000000000e+00 0.000000000000000000e+00 0.000000000000000000e+00 2.941176470588235253e-02 0.000000000000000000e+00 4.705882352941176405e-02 1.882352941176470562e-01 7.058823529411764608e-02 1.764705882352941152e-02 5.882352941176470507e-03 0.000000000000000000e+00 6.411764705882353477e-01
0.000000000000000000e+00 0.000000000000000000e+00 0.000000000000000000e+00 0.000000000000000000e+00 0.000000000000000000e+00 0.000000000000000000e+00 0.000000000000000000e+00 0.000000000000000000e+00 0.000000000000000000e+00 0.000000000000000000e+00 0.000000000000000000e+00 0.000000000000000000e+00 0.000000000000000000e+00 0.000000000000000000e+00 0.000000000000000000e+00 0.000000000000000000e+00 2.105263157894736795e-02 2.631578947368420907e-02 5.263157894736841987e-03 1.421052631578947345e-01 0.000000000000000000e+00 2.105263157894736795e-02 2.105263157894736795e-02 1.315789473684210453e-01 6.315789473684210176e-01
0.000000000000000000e+00 0.000000000000000000e+00 0.000000000000000000e+00 0.000000000000000000e+00 0.000000000000000000e+00 0.000000000000000000e+00 0.000000000000000000e+00 0.000000000000000000e+00 0.000000000000000000e+00 0.000000000000000000e+00 0.000000000000000000e+00 0.000000000000000000e+00 0.000000000000000000e+00 0.000000000000000000e+00 0.000000000000000000e+00 0.000000000000000000e+00 3.157894736842105365e-02 0.000000000000000000e+00 0.000000000000000000e+00 0.000000000000000000e+00 1.052631578947368397e-02 2.842105263157894690e-01 4.210526315789473589e-02 0.000000000000000000e+00 6.315789473684210176e-01
0.000000000000000000e+00 0.000000000000000000e+00 0.000000000000000000e+00 0.000000000000000000e+00 0.000000000000000000e+00 0.000000000000000000e+00 0.000000000000000000e+00 0.000000000000000000e+00 0.000000000000000000e+00 0.000000000000000000e+00 0.000000000000000000e+00 0.000000000000000000e+00 0.000000000000000000e+00 0.000000000000000000e+00 0.000000000000000000e+00 0.000000000000000000e+00 0.000000000000000000e+00 0.000000000000000000e+00 0.000000000000000000e+00 8.661417322834645549e-02 0.000000000000000000e+00 5.511811023622047168e-02 3.937007874015747977e-02 1.181102362204724393e-01 7.007874015748031260e-01
0.000000000000000000e+00 0.000000000000000000e+00 0.000000000000000000e+00 0.000000000000000000e+00 0.000000000000000000e+00 0.000000000000000000e+00 0.000000000000000000e+00 0.000000000000000000e+00 0.000000000000000000e+00 0.000000000000000000e+00 0.000000000000000000e+00 0.000000000000000000e+00 0.000000000000000000e+00 0.000000000000000000e+00 0.000000000000000000e+00 0.000000000000000000e+00 3.896103896103896014e-02 0.000000000000000000e+00 1.298701298701298787e-02 0.000000000000000000e+00 3.896103896103896014e-02 0.000000000000000000e+00 1.298701298701298787e-02 2.727272727272727071e-01 6.233766233766233622e-01
0.000000000000000000e+00 0.000000000000000000e+00 0.000000000000000000e+00 0.000000000000000000e+00 0.000000000000000000e+00 0.000000000000000000e+00 0.000000000000000000e+00 0.000000000000000000e+00 0.000000000000000000e+00 0.000000000000000000e+00 0.000000000000000000e+00 0.000000000000000000e+00 0.000000000000000000e+00 0.000000000000000000e+00 0.000000000000000000e+00 0.000000000000000000e+00 2.142857142857142877e-02 0.000000000000000000e+00 7.142857142857142634e-03 3.571428571428571230e-02 0.000000000000000000e+00 0.000000000000000000e+00 7.142857142857142461e-02 2.357142857142857095e-01 6.285714285714285587e-01
0.000000000000000000e+00 0.000000000000000000e+00 0.000000000000000000e+00 0.000000000000000000e+00 0.000000000000000000e+00 0.000000000000000000e+00 0.000000000000000000e+00 0.000000000000000000e+00 0.000000000000000000e+00 0.000000000000000000e+00 0.000000000000000000e+00 0.000000000000000000e+00 0.000000000000000000e+00 0.000000000000000000e+00 0.000000000000000000e+00 0.000000000000000000e+00 0.000000000000000000e+00 0.000000000000000000e+00 0.000000000000000000e+00 0.000000000000000000e+00 0.000000000000000000e+00 0.000000000000000000e+00 0.000000000000000000e+00 0.000000000000000000e+00 1.000000000000000000e+00
