2.917232021709633555e-02 2.306648575305291771e-01 4.341926729986431144e-02 0.000000000000000000e+00 3.392130257801899765e-03 0.000000000000000000e+00 0.000000000000000000e+00 0.000000000000000000e+00 6.933514246947082293e-01 0.000000000000000000e+00 0.000000000000000000e+00 0.000000000000000000e+00 0.000000000000000000e+00 0.000000000000000000e+00 0.000000000000000000e+00 0.000000000000000000e+00 0.000000000000000000e+00 0.000000000000000000e+00 0.000000000000000000e+00 0.000000000000000000e+00 0.000000000000000000e+00 0.000000000000000000e+00 0.000000000000000000e+00 0.000000000000000000e+00 0.000000000000000000e+00
2.352941176470588203e-02 0.000000000000000000e+00 7.647058823529412352e-02 2.029411764705882359e-01 2.941176470588235253e-03 3.823529411764706176e-02 2.647058823529411728e-02 0.000000000000000000e+00 2.352941176470588203e-02 4.705882352941176405e-01 3.823529411764706176e-02 2.941176470588235253e-03 0.000000000000000000e+00 0.000000000000000000e+00 0.000000000000000000e+00 0.000000000000000000e+00 8.823529411764705760e-03 8.529411764705882582e-02 0.000000000000000000e+00 0.000000000000000000e+00 0.000000000000000000e+00 0.000000000000000000e+00 0.000000000000000000e+00 0.000000000000000000e+00 0.000000000000000000e+00
1.739130434782608717e-02 0.000000000000000000e+00 2.608695652173912902e-02 1.739130434782608647e-01 4.347826086956521618e-02 1.130434782608695649e-01 0.000000000000000000e+00 0.000000000000000000e+00 8.695652173913043584e-03 0.000000000000000000e+00 4.086956521739130710e-01 0.000000000000000000e+00 2.000000000000000111e-01 0.000000000000000000e+00 0.000000000000000000e+00 0.000000000000000000e+00 8.695652173913043584e-03 0.000000000000000000e+00 0.000000000000000000e+00 0.000000000000000000e+00 0.000000000000000000e+00 0.000000000000000000e+00 0.000000000000000000e+00 0.000000000000000000e+00 0.000000000000000000e+00
1.063829787234042527e-02 0.000000000000000000e+00 0.000000000000000000e+00 6.382978723404254817e-02 1.063829787234042527e-02 0.000000000000000000e+00 1.063829787234042527e-02 1.914893617021276584e-01 0.000000000000000000e+00 0.000000000000000000e+00 0.000000000000000000e+00 4.042553191489361430e-01 0.000000000000000000e+00 1.276595744680850963e-01 7.446808510638297518e-02 0.000000000000000000e+00 0.000000000000000000e+00 0.000000000000000000e+00 0.000000000000000000e+00 3.191489361702127409e-02 0.000000000000000000e+00 7.446808510638297518e-02 0.000000000000000000e+00 0.000000000000000000e+00 0.000000000000000000e+00
8.333333333333332871e-02 0.000000000000000000e+00 0.000000000000000000e+00 0.000000000000000000e+00 0.000000000000000000e+00 2.500000000000000000e-01 8.333333333333332871e-02 0.000000000000000000e+00 0.000000000000000000e+00 0.000000000000000000e+00 0.000000000000000000e+00 0.000000000000000000e+00 5.833333333333333703e-01 0.000000000000000000e+00 0.000000000000000000e+00 0.000000000000000000e+00 0.000000000000000000e+00 0.000000000000000000e+00 0.000000000000000000e+00 0.000000000000000000e+00 0.000000000000000000e+00 0.000000000000000000e+00 0.000000000000000000e+00 0.000000000000000000e+00 0.000000000000000000e+00
0.000000000000000000e+00 0.000000000000000000e+00 0.000000000000000000e+00 0.000000000000000000e+00 0.000000000000000000e+00 3.448275862068965469e-02 1.379310344827586188e-01 3.103448275862069061e-01 0.000000000000000000e+00 3.448275862068965469e-02 0.000000000000000000e+00 0.000000000000000000e+00 0.000000000000000000e+00 3.793103448275861878e-01 0.000000000000000000e+00 0.000000000000000000e+00 0.000000000000000000e+00 0.000000000000000000e+00 0.000000000000000000e+00 0.000000000000000000e+00 3.448275862068965469e-02 6.896551724137930939e-02 0.000000000000000000e+00 0.000000000000000000e+00 0.000000000000000000e+00
0.000000000000000000e+00 0.000000000000000000e+00 0.000000000000000000e+00 0.000000000000000000e+00 0.000000000000000000e+00 9.090909090909091161e-02 9.090909090909091161e-02 1.818181818181818232e-01 0.000000000000000000e+00 0.000000000000000000e+00 0.000000000000000000e+00 0.000000000000000000e+00 1.818181818181818232e-01 0.000000000000000000e+00 4.545454545454545303e-01 0.000000000000000000e+00 0.000000000000000000e+00 0.000000000000000000e+00 0.000000000000000000e+00 0.000000000000000000e+00 0.000000000000000000e+00 0.000000000000000000e+00 0.000000000000000000e+00 0.000000000000000000e+00 0.000000000000000000e+00
2.173913043478260809e-02 0.000000000000000000e+00 0.000000000000000000e+00 0.000000000000000000e+00 0.000000000000000000e+00 0.000000000000000000e+00 1.086956521739130405e-01 3.043478260869565410e-01 0.000000000000000000e+00 0.000000000000000000e+00 0.000000000000000000e+00 2.173913043478260809e-02 2.173913043478260809e-02 4.347826086956521618e-02 6.521739130434782428e-02 3.260869565217391353e-01 0.000000000000000000e+00 0.000000000000000000e+00 0.000000000000000000e+00 0.000000000000000000e+00 2.173913043478260809e-02 6.521739130434782428e-02 0.000000000000000000e+00 0.000000000000000000e+00 0.000000000000000000e+00
0.000000000000000000e+00 0.000000000000000000e+00 0.000000000000000000e+00 0.000000000000000000e+00 0.000000000000000000e+00 0.000000000000000000e+00 0.000000000000000000e+00 0.000000000000000000e+00 2.764976958525345793e-02 2.184331797235022909e-01 5.161290322580645157e-02 0.000000000000000000e+00 5.529953917050691239e-03 0.000000000000000000e+00 0.000000000000000000e+00 0.000000000000000000e+00 6.967741935483870996e-01 0.000000000000000000e+00 0.000000000000000000e+00 0.000000000000000000e+00 0.000000000000000000e+00 0.000000000000000000e+00 0.000000000000000000e+00 0.000000000000000000e+00 0.000000000000000000e+00
0.000000000000000000e+00 0.000000000000000000e+00 0.000000000000000000e+00 0.000000000000000000e+00 0.000000000000000000e+00 0.000000000000000000e+00 0.000000000000000000e+00 0.000000000000000000e+00 2.261306532663316660e-02 0.000000000000000000e+00 4.773869346733668195e-02 2.110552763819095456e-01 5.025125628140703592e-03 2.261306532663316660e-02 4.271356783919597749e-02 0.000000000000000000e+00 3.015075376884421982e-02 4.748743718592964846e-01 4.020100502512562873e-02 2.512562814070351796e-03 0.000000000000000000e+00 0.000000000000000000e+00 0.000000000000000000e+00 0.000000000000000000e+00 1.005025125628140753e-01
0.000000000000000000e+00 0.000000000000000000e+00 0.000000000000000000e+00 0.000000000000000000e+00 0.000000000000000000e+00 0.000000000000000000e+00 0.000000000000000000e+00 0.000000000000000000e+00 2.816901408450704289e-02 7.042253521126760722e-03 3.521126760563380448e-02 1.267605633802816878e-01 3.521126760563380448e-02 7.042253521126760896e-02 7.042253521126760722e-03 0.000000000000000000e+00 0.000000000000000000e+00 7.042253521126760722e-03 4.577464788732394374e-01 0.000000000000000000e+00 2.183098591549295642e-01 0.000000000000000000e+00 0.000000000000000000e+00 0.000000000000000000e+00 7.042253521126760722e-03
0.000000000000000000e+00 0.000000000000000000e+00 0.000000000000000000e+00 0.000000000000000000e+00 0.000000000000000000e+00 0.000000000000000000e+00 0.000000000000000000e+00 0.000000000000000000e+00 5.806451612903226062e-02 0.000000000000000000e+00 6.451612903225806446e-03 4.516129032258064252e-02 0.000000000000000000e+00 3.870967741935484041e-02 7.741935483870968082e-02 1.225806451612903164e-01 1.290322580645161289e-02 0.000000000000000000e+00 2.580645161290322578e-02 4.193548387096774355e-01 0.000000000000000000e+00 8.387096774193548987e-02 4.516129032258064252e-02 0.000000000000000000e+00 6.451612903225806273e-02
0.000000000000000000e+00 0.000000000000000000e+00 0.000000000000000000e+00 0.000000000000000000e+00 0.000000000000000000e+00 0.000000000000000000e+00 0.000000000000000000e+00 0.000000000000000000e+00 2.173913043478260809e-02 0.000000000000000000e+00 0.000000000000000000e+00 0.000000000000000000e+00 6.521739130434782428e-02 2.391304347826087029e-01 6.521739130434782428e-02 0.000000000000000000e+00 0.000000000000000000e+00 8.695652173913043237e-02 0.000000000000000000e+00 0.000000000000000000e+00 5.217391304347825942e-01 0.000000000000000000e+00 0.000000000000000000e+00 0.000000000000000000e+00 0.000000000000000000e+00
0.000000000000000000e+00 0.000000000000000000e+00 0.000000000000000000e+00 0.000000000000000000e+00 0.000000000000000000e+00 0.000000000000000000e+00 0.000000000000000000e+00 0.000000000000000000e+00 4.166666666666666435e-02 0.000000000000000000e+00 0.000000000000000000e+00 5.555555555555555247e-02 0.000000000000000000e+00 9.722222222222222376e-02 4.166666666666666435e-02 1.805555555555555525e-01 0.000000000000000000e+00 1.388888888888888812e-02 0.000000000000000000e+00 1.388888888888888812e-02 2.777777777777777624e-02 4.305555555555555802e-01 2.777777777777777624e-02 0.000000000000000000e+00 6.944444444444444753e-02
0.000000000000000000e+00 0.000000000000000000e+00 0.000000000000000000e+00 0.000000000000000000e+00 0.000000000000000000e+00 0.000000000000000000e+00 0.000000000000000000e+00 0.000000000000000000e+00 1.333333333333333419e-02 0.000000000000000000e+00 0.000000000000000000e+00 0.000000000000000000e+00 1.333333333333333419e-02 6.666666666666666574e-02 9.333333333333333759e-02 2.000000000000000111e-01 0.000000000000000000e+00 0.000000000000000000e+00 0.000000000000000000e+00 1.333333333333333419e-02 1.066666666666666735e-01 2.666666666666666838e-02 4.533333333333333104e-01 0.000000000000000000e+00 1.333333333333333419e-02
0.000000000000000000e+00 0.000000000000000000e+00 0.000000000000000000e+00 0.000000000000000000e+00 0.000000000000000000e+00 0.000000000000000000e+00 0.000000000000000000e+00 0.000000000000000000e+00 0.000000000000000000e+00 0.000000000000000000e+00 0.000000000000000000e+00 1.190476190476190410e-02 0.000000000000000000e+00 0.000000000000000000e+00 7.142857142857142461e-02 2.619047619047619180e-01 0.000000000000000000e+00 0.000000000000000000e+00 0.000000000000000000e+00 0.000000000000000000e+00 0.000000000000000000e+00 7.142857142857142461e-02 5.952380952380952051e-02 4.523809523809523836e-01 7.142857142857142461e-02
0.000000000000000000e+00 0.000000000000000000e+00 0.000000000000000000e+00 0.000000000000000000e+00 0.000000000000000000e+00 0.000000000000000000e+00 0.000000000000000000e+00 0.000000000000000000e+00 0.000000000000000000e+00 0.000000000000000000e+00 0.000000000000000000e+00 0.000000000000000000e+00 0.000000000000000000e+00 0.000000000000000000e+00 0.000000000000000000e+00 0.000000000000000000e+00 3.241296518607442861e-02 2.256902761104441768e-01 4.801920768307323117e-02 0.000000000000000000e+00 8.403361344537814762e-03 1.200480192076830649e-03 0.000000000000000000e+00 0.000000000000000000e+00 6.842737094837935130e-01
0.000000000000000000e+00 0.000000000000000000e+00 0.000000000000000000e+00 0.000000000000000000e+00 0.000000000000000000e+00 0.000000000000000000e+00 0.000000000000000000e+00 0.000000000000000000e+00 0.000000000000000000e+00 0.000000000000000000e+00 0.000000000000000000e+00 0.000000000000000000e+00 0.000000000000000000e+00 0.000000000000000000e+00 0.000000000000000000e+00 0.000000000000000000e+00 3.529411764705882304e-02 2.352941176470588203e-02 6.588235294117647523e-02 1.623529411764705888e-01 9.411764705882352117e-03 4.705882352941176405e-02 1.647058823529411881e-02 0.000000000000000000e+00 6.400000000000000133e-01
0.000000000000000000e+00 0.000000000000000000e+00 0.000000000000000000e+00 0.000000000000000000e+00 0.000000000000000000e+00 0.000000000000000000e+00 0.000000000000000000e+00 0.000000000000000000e+00 0.000000000000000000e+00 0.000000000000000000e+00 0.000000000000000000e+00 0.000000000000000000e+00 0.000000000000000000e+00 0.000000000000000000e+00 0.000000000000000000e+00 0.000000000000000000e+00 4.242424242424242681e-02 0.000000000000000000e+00 7.272727272727272374e-02 2.121212121212121271e-01 3.636363636363636187e-02 1.212121212121212120e-02 6.060606060606060601e-03 0.000000000000000000e+00 6.181818181818181657e-01
0.000000000000000000e+00 0.000000000000000000e+00 0.000000000000000000e+00 0.000000000000000000e+00 0.000000000000000000e+00 0.000000000000000000e+00 0.000000000000000000e+00 0.000000000000000000e+00 0.000000000000000000e+00 0.000000000000000000e+00 0.000000000000000000e+00 0.000000000000000000e+00 0.000000000000000000e+00 0.000000000000000000e+00 0.000000000000000000e+00 0.000000000000000000e+00 2.926829268292683098e-02 1.463414634146341549e-02 9.756097560975609748e-03 9.756097560975610095e-02 0.000000000000000000e+00 2.439024390243902524e-02 3.902439024390243899e-02 1.268292682926829285e-01 6.585365853658536883e-01
0.000000000000000000e+00 0.000000000000000000e+00 0.000000000000000000e+00 0.000000000000000000e+00 0.000000000000000000e+00 0.000000000000000000e+00 0.000000000000000000e+00 0.000000000000000000e+00 0.000000000000000000e+00 0.000000000000000000e+00 0.000000000000000000e+00 0.000000000000000000e+00 0.000000000000000000e+00 0.000000000000000000e+00 0.000000000000000000e+00 0.000000000000000000e+00 2.272727272727272790e-02 0.000000000000000000e+00 0.000000000000000000e+00 0.000000000000000000e+00 3.409090909090908839e-02 3.295454545454545303e-01 2.272727272727272790e-02 0.000000000000000000e+00 5.909090909090909394e-01
0.000000000000000000e+00 0.000000000000000000e+00 0.000000000000000000e+00 0.000000000000000000e+00 0.000000000000000000e+00 0.000000000000000000e+00 0.000000000000000000e+00 0.000000000000000000e+00 0.000000000000000000e+00 0.000000000000000000e+00 0.000000000000000000e+00 0.000000000000000000e+00 0.000000000000000000e+00 0.000000000000000000e+00 0.000000000000000000e+00 0.000000000000000000e+00 1.515151515151515194e-02 0.000000000000000000e+00 0.000000000000000000e+00 7.575757575757575968e-02 0.000000000000000000e+00 1.060606060606060635e-01 3.787878787878787984e-02 1.363636363636363535e-01 6.287878787878787845e-01
0.000000000000000000e+00 0.000000000000000000e+00 0.000000000000000000e+00 0.000000000000000000e+00 0.000000000000000000e+00 0.000000000000000000e+00 0.000000000000000000e+00 0.000000000000000000e+00 0.000000000000000000e+00 0.000000000000000000e+00 0.000000000000000000e+00 0.000000000000000000e+00 0.000000000000000000e+00 0.000000000000000000e+00 0.000000000000000000e+00 0.000000000000000000e+00 0.000000000000000000e+00 0.000000000000000000e+00 0.000000000000000000e+00 0.000000000000000000e+00 3.529411764705882304e-02 1.176470588235294101e-02 7.058823529411764608e-02 2.235294117647058931e-01 6.588235294117646967e-01
0.000000000000000000e+00 0.000000000000000000e+00 0.000000000000000000e+00 0.000000000000000000e+00 0.000000000000000000e+00 0.000000000000000000e+00 0.000000000000000000e+00 0.000000000000000000e+00 0.000000000000000000e+00 0.000000000000000000e+00 0.000000000000000000e+00 0.000000000000000000e+00 0.000000000000000000e+00 0.000000000000000000e+00 0.000000000000000000e+00 0.000000000000000000e+00 1.550387596899224785e-02 0.000000000000000000e+00 0.000000000000000000e+00 1.550387596899224785e-02 0.000000000000000000e+00 7.751937984496123923e-03 5.426356589147286746e-02 2.170542635658914699e-01 6.899224806201550431e-01
0.000000000000000000e+00 0.000000000000000000e+00 0.000000000000000000e+00 0.000000000000000000e+00 0.000000000000000000e+00 0.000000000000000000e+00 0.000000000000000000e+00 0.000000000000000000e+00 0.000000000000000000e+00 0.000000000000000000e+00 0.000000000000000000e+00 0.000000000000000000e+00 0.000000000000000000e+00 0.000000000000000000e+00 0.000000000000000000e+00 0.000000000000000000e+00 0.000000000000000000e+00 0.000000000000000000e+00 0.000000000000000000e+00 0.000000000000000000e+00 0.000000000000000000e+00 0.000000000000000000e+00 0.000000000000000000e+00 0.000000000000000000e+00 1.000000000000000000e+00
