2.781546811397557495e-02 2.394843962008141036e-01 7.259158751696065393e-02 0.000000000000000000e+00 2.035278154681139599e-03 0.000000000000000000e+00 0.000000000000000000e+00 0.000000000000000000e+00 6.580732700135685231e-01 0.000000000000000000e+00 0.000000000000000000e+00 0.000000000000000000e+00 0.000000000000000000e+00 0.000000000000000000e+00 0.000000000000000000e+00 0.000000000000000000e+00 0.000000000000000000e+00 0.000000000000000000e+00 0.000000000000000000e+00 0.000000000000000000e+00 0.000000000000000000e+00 0.000000000000000000e+00 0.000000000000000000e+00 0.000000000000000000e+00 0.000000000000000000e+00
2.816901408450704289e-02 0.000000000000000000e+00 4.507042253521127001e-02 2.253521126760563431e-01 5.633802816901408751e-03 5.070422535211267789e-02 4.788732394366197048e-02 2.816901408450704376e-03 2.253521126760563500e-02 4.028169014084507227e-01 5.352112676056337837e-02 0.000000000000000000e+00 0.000000000000000000e+00 0.000000000000000000e+00 0.000000000000000000e+00 0.000000000000000000e+00 5.633802816901408751e-03 1.098591549295774711e-01 0.000000000000000000e+00 0.000000000000000000e+00 0.000000000000000000e+00 0.000000000000000000e+00 0.000000000000000000e+00 0.000000000000000000e+00 0.000000000000000000e+00
2.614379084967320341e-02 1.307189542483660170e-02 5.228758169934640682e-02 1.307189542483660205e-01 1.960784313725490169e-02 1.111111111111111049e-01 1.307189542483660170e-02 0.000000000000000000e+00 6.535947712418300852e-03 0.000000000000000000e+00 4.117647058823529216e-01 0.000000000000000000e+00 2.156862745098039325e-01 0.000000000000000000e+00 0.000000000000000000e+00 0.000000000000000000e+00 0.000000000000000000e+00 0.000000000000000000e+00 0.000000000000000000e+00 0.000000000000000000e+00 0.000000000000000000e+00 0.000000000000000000e+00 0.000000000000000000e+00 0.000000000000000000e+00 0.000000000000000000e+00
2.777777777777777624e-02 0.000000000000000000e+00 0.000000000000000000e+00 6.481481481481481122e-02 0.000000000000000000e+00 2.777777777777777624e-02 4.629629629629629373e-02 1.203703703703703637e-01 0.000000000000000000e+00 0.000000000000000000e+00 0.000000000000000000e+00 4.259259259259259300e-01 0.000000000000000000e+00 9.259259259259258745e-02 7.407407407407406996e-02 0.000000000000000000e+00 0.000000000000000000e+00 0.000000000000000000e+00 9.259259259259258745e-03 1.851851851851851749e-02 0.000000000000000000e+00 9.259259259259258745e-02 0.000000000000000000e+00 0.000000000000000000e+00 0.000000000000000000e+00
0.000000000000000000e+00 0.000000000000000000e+00 0.000000000000000000e+00 0.000000000000000000e+00 0.000000000000000000e+00 3.750000000000000000e-01 0.000000000000000000e+00 0.000000000000000000e+00 0.000000000000000000e+00 0.000000000000000000e+00 0.000000000000000000e+00 0.000000000000000000e+00 6.250000000000000000e-01 0.000000000000000000e+00 0.000000000000000000e+00 0.000000000000000000e+00 0.000000000000000000e+00 0.000000000000000000e+00 0.000000000000000000e+00 0.000000000000000000e+00 0.000000000000000000e+00 0.000000000000000000e+00 0.000000000000000000e+00 0.000000000000000000e+00 0.000000000000000000e+00
0.000000000000000000e+00 0.000000000000000000e+00 0.000000000000000000e+00 2.380952380952380820e-02 0.000000000000000000e+00 9.523809523809523281e-02 2.380952380952380820e-02 1.190476190476190410e-01 0.000000000000000000e+00 2.380952380952380820e-02 0.000000000000000000e+00 0.000000000000000000e+00 0.000000000000000000e+00 5.000000000000000000e-01 9.523809523809523281e-02 0.000000000000000000e+00 0.000000000000000000e+00 0.000000000000000000e+00 0.000000000000000000e+00 0.000000000000000000e+00 0.000000000000000000e+00 1.190476190476190410e-01 0.000000000000000000e+00 0.000000000000000000e+00 0.000000000000000000e+00
3.571428571428571230e-02 0.000000000000000000e+00 0.000000000000000000e+00 0.000000000000000000e+00 0.000000000000000000e+00 0.000000000000000000e+00 0.000000000000000000e+00 1.785714285714285754e-01 0.000000000000000000e+00 0.000000000000000000e+00 0.000000000000000000e+00 0.000000000000000000e+00 1.785714285714285754e-01 0.000000000000000000e+00 6.071428571428570953e-01 0.000000000000000000e+00 0.000000000000000000e+00 0.000000000000000000e+00 0.000000000000000000e+00 0.000000000000000000e+00 0.000000000000000000e+00 0.000000000000000000e+00 0.000000000000000000e+00 0.000000000000000000e+00 0.000000000000000000e+00
4.651162790697674354e-02 0.000000000000000000e+00 0.000000000000000000e+00 0.000000000000000000e+00 0.000000000000000000e+00 0.000000000000000000e+00 6.976744186046511531e-02 3.720930232558139483e-01 0.000000000000000000e+00 0.000000000000000000e+00 0.000000000000000000e+00 0.000000000000000000e+00 0.000000000000000000e+00 9.302325581395348708e-02 2.325581395348837177e-02 3.720930232558139483e-01 0.000000000000000000e+00 0.000000000000000000e+00 0.000000000000000000e+00 0.000000000000000000e+00 0.000000000000000000e+00 0.000000000000000000e+00 2.325581395348837177e-02 0.000000000000000000e+00 0.000000000000000000e+00
0.000000000000000000e+00 0.000000000000000000e+00 0.000000000000000000e+00 0.000000000000000000e+00 0.000000000000000000e+00 0.000000000000000000e+00 0.000000000000000000e+00 0.000000000000000000e+00 2.243902439024390155e-02 2.399999999999999911e-01 5.463414634146341459e-02 9.756097560975609748e-04 3.902439024390243899e-03 0.000000000000000000e+00 0.000000000000000000e+00 0.000000000000000000e+00 6.780487804878049252e-01 0.000000000000000000e+00 0.000000000000000000e+00 0.000000000000000000e+00 0.000000000000000000e+00 0.000000000000000000e+00 0.000000000000000000e+00 0.000000000000000000e+00 0.000000000000000000e+00
0.000000000000000000e+00 0.000000000000000000e+00 0.000000000000000000e+00 0.000000000000000000e+00 0.000000000000000000e+00 0.000000000000000000e+00 0.000000000000000000e+00 0.000000000000000000e+00 1.794871794871794740e-02 0.000000000000000000e+00 4.358974358974358754e-02 2.153846153846153966e-01 2.564102564102564100e-03 4.615384615384615641e-02 4.358974358974358754e-02 0.000000000000000000e+00 1.282051282051282007e-02 4.615384615384615641e-01 5.384615384615384914e-02 5.128205128205128201e-03 0.000000000000000000e+00 0.000000000000000000e+00 0.000000000000000000e+00 0.000000000000000000e+00 9.743589743589743668e-02
0.000000000000000000e+00 0.000000000000000000e+00 0.000000000000000000e+00 0.000000000000000000e+00 0.000000000000000000e+00 0.000000000000000000e+00 0.000000000000000000e+00 0.000000000000000000e+00 3.030303030303030387e-02 0.000000000000000000e+00 5.454545454545454281e-02 1.272727272727272596e-01 2.424242424242424240e-02 8.484848484848485362e-02 1.212121212121212120e-02 0.000000000000000000e+00 1.212121212121212120e-02 0.000000000000000000e+00 4.424242424242424421e-01 0.000000000000000000e+00 2.121212121212121271e-01 0.000000000000000000e+00 0.000000000000000000e+00 0.000000000000000000e+00 0.000000000000000000e+00
0.000000000000000000e+00 0.000000000000000000e+00 0.000000000000000000e+00 0.000000000000000000e+00 0.000000000000000000e+00 0.000000000000000000e+00 0.000000000000000000e+00 0.000000000000000000e+00 2.352941176470588203e-02 0.000000000000000000e+00 5.882352941176470507e-03 1.000000000000000056e-01 0.000000000000000000e+00 2.352941176470588203e-02 7.647058823529412352e-02 1.352941176470588147e-01 0.000000000000000000e+00 0.000000000000000000e+00 0.000000000000000000e+00 3.941176470588235170e-01 0.000000000000000000e+00 8.235294117647058709e-02 6.470588235294118251e-02 0.000000000000000000e+00 9.411764705882352811e-02
0.000000000000000000e+00 0.000000000000000000e+00 0.000000000000000000e+00 0.000000000000000000e+00 0.000000000000000000e+00 0.000000000000000000e+00 0.000000000000000000e+00 0.000000000000000000e+00 2.083333333333333218e-02 0.000000000000000000e+00 0.000000000000000000e+00 0.000000000000000000e+00 0.000000000000000000e+00 2.708333333333333148e-01 4.166666666666666435e-02 0.000000000000000000e+00 0.000000000000000000e+00 2.083333333333333218e-02 0.000000000000000000e+00 0.000000000000000000e+00 6.250000000000000000e-01 0.000000000000000000e+00 0.000000000000000000e+00 0.000000000000000000e+00 2.083333333333333218e-02
0.000000000000000000e+00 0.000000000000000000e+00 0.000000000000000000e+00 0.000000000000000000e+00 0.000000000000000000e+00 0.000000000000000000e+00 0.000000000000000000e+00 0.000000000000000000e+00 2.150537634408602322e-02 0.000000000000000000e+00 0.000000000000000000e+00 1.075268817204301161e-02 0.000000000000000000e+00 5.376344086021505458e-02 7.526881720430107781e-02 1.827956989247311870e-01 0.000000000000000000e+00 0.000000000000000000e+00 0.000000000000000000e+00 0.000000000000000000e+00 0.000000000000000000e+00 4.838709677419354982e-01 6.451612903225806273e-02 0.000000000000000000e+00 1.075268817204301092e-01
0.000000000000000000e+00 0.000000000000000000e+00 0.000000000000000000e+00 0.000000000000000000e+00 0.000000000000000000e+00 0.000000000000000000e+00 0.000000000000000000e+00 0.000000000000000000e+00 2.409638554216867595e-02 0.000000000000000000e+00 0.000000000000000000e+00 1.204819277108433798e-02 0.000000000000000000e+00 4.819277108433735191e-02 3.614457831325301046e-02 2.650602409638554424e-01 0.000000000000000000e+00 0.000000000000000000e+00 0.000000000000000000e+00 2.409638554216867595e-02 8.433734939759035543e-02 2.409638554216867595e-02 4.698795180722891707e-01 0.000000000000000000e+00 1.204819277108433798e-02
0.000000000000000000e+00 0.000000000000000000e+00 0.000000000000000000e+00 0.000000000000000000e+00 0.000000000000000000e+00 0.000000000000000000e+00 0.000000000000000000e+00 0.000000000000000000e+00 1.869158878504672758e-02 0.000000000000000000e+00 0.000000000000000000e+00 0.000000000000000000e+00 0.000000000000000000e+00 0.000000000000000000e+00 4.672897196261682068e-02 2.803738317757009102e-01 0.000000000000000000e+00 0.000000000000000000e+00 0.000000000000000000e+00 9.345794392523363789e-03 0.000000000000000000e+00 7.476635514018691031e-02 4.672897196261682068e-02 4.018691588785046620e-01 1.214953271028037379e-01
0.000000000000000000e+00 0.000000000000000000e+00 0.000000000000000000e+00 0.000000000000000000e+00 0.000000000000000000e+00 0.000000000000000000e+00 0.000000000000000000e+00 0.000000000000000000e+00 0.000000000000000000e+00 0.000000000000000000e+00 0.000000000000000000e+00 0.000000000000000000e+00 0.000000000000000000e+00 0.000000000000000000e+00 0.000000000000000000e+00 0.000000000000000000e+00 2.008032128514056214e-02 2.048192771084337283e-01 5.220883534136545878e-02 0.000000000000000000e+00 0.000000000000000000e+00 1.338688085676037432e-03 0.000000000000000000e+00 0.000000000000000000e+00 7.215528781793841828e-01
0.000000000000000000e+00 0.000000000000000000e+00 0.000000000000000000e+00 0.000000000000000000e+00 0.000000000000000000e+00 0.000000000000000000e+00 0.000000000000000000e+00 0.000000000000000000e+00 0.000000000000000000e+00 0.000000000000000000e+00 0.000000000000000000e+00 0.000000000000000000e+00 0.000000000000000000e+00 0.000000000000000000e+00 0.000000000000000000e+00 0.000000000000000000e+00 3.385416666666666435e-02 2.604166666666666782e-02 5.468750000000000000e-02 1.875000000000000000e-01 0.000000000000000000e+00 3.125000000000000000e-02 2.083333333333333218e-02 0.000000000000000000e+00 6.458333333333333703e-01
0.000000000000000000e+00 0.000000000000000000e+00 0.000000000000000000e+00 0.000000000000000000e+00 0.000000000000000000e+00 0.000000000000000000e+00 0.000000000000000000e+00 0.000000000000000000e+00 0.000000000000000000e+00 0.000000000000000000e+00 0.000000000000000000e+00 0.000000000000000000e+00 0.000000000000000000e+00 0.000000000000000000e+00 0.000000000000000000e+00 0.000000000000000000e+00 2.469135802469135665e-02 0.000000000000000000e+00 4.320987654320987414e-02 2.037037037037036924e-01 4.320987654320987414e-02 2.469135802469135665e-02 0.000000000000000000e+00 0.000000000000000000e+00 6.604938271604938738e-01
0.000000000000000000e+00 0.000000000000000000e+00 0.000000000000000000e+00 0.000000000000000000e+00 0.000000000000000000e+00 0.000000000000000000e+00 0.000000000000000000e+00 0.000000000000000000e+00 0.000000000000000000e+00 0.000000000000000000e+00 0.000000000000000000e+00 0.000000000000000000e+00 0.000000000000000000e+00 0.000000000000000000e+00 0.000000000000000000e+00 0.000000000000000000e+00 1.904761904761904934e-02 4.761904761904762334e-03 0.000000000000000000e+00 1.190476190476190410e-01 0.000000000000000000e+00 1.428571428571428527e-02 2.857142857142857054e-02 1.428571428571428492e-01 6.714285714285713746e-01
0.000000000000000000e+00 0.000000000000000000e+00 0.000000000000000000e+00 0.000000000000000000e+00 0.000000000000000000e+00 0.000000000000000000e+00 0.000000000000000000e+00 0.000000000000000000e+00 0.000000000000000000e+00 0.000000000000000000e+00 0.000000000000000000e+00 0.000000000000000000e+00 0.000000000000000000e+00 0.000000000000000000e+00 0.000000000000000000e+00 0.000000000000000000e+00 5.194805194805195148e-02 0.000000000000000000e+00 0.000000000000000000e+00 0.000000000000000000e+00 1.298701298701298787e-02 2.337662337662337608e-01 7.792207792207792028e-02 0.000000000000000000e+00 6.233766233766233622e-01
0.000000000000000000e+00 0.000000000000000000e+00 0.000000000000000000e+00 0.000000000000000000e+00 0.000000000000000000e+00 0.000000000000000000e+00 0.000000000000000000e+00 0.000000000000000000e+00 0.000000000000000000e+00 0.000000000000000000e+00 0.000000000000000000e+00 0.000000000000000000e+00 0.000000000000000000e+00 0.000000000000000000e+00 0.000000000000000000e+00 0.000000000000000000e+00 3.703703703703703498e-02 0.000000000000000000e+00 0.000000000000000000e+00 3.703703703703703498e-02 0.000000000000000000e+00 3.703703703703703498e-02 5.185185185185185036e-02 1.703703703703703665e-01 6.666666666666666297e-01
0.000000000000000000e+00 0.000000000000000000e+00 0.000000000000000000e+00 0.000000000000000000e+00 0.000000000000000000e+00 0.000000000000000000e+00 0.000000000000000000e+00 0.000000000000000000e+00 0.000000000000000000e+00 0.000000000000000000e+00 0.000000000000000000e+00 0.000000000000000000e+00 0.000000000000000000e+00 0.000000000000000000e+00 0.000000000000000000e+00 0.000000000000000000e+00 1.869158878504672758e-02 0.000000000000000000e+00 0.000000000000000000e+00 0.000000000000000000e+00 9.345794392523363789e-03 7.476635514018691031e-02 7.476635514018691031e-02 2.336448598130841103e-01 5.887850467289719170e-01
0.000000000000000000e+00 0.000000000000000000e+00 0.000000000000000000e+00 0.000000000000000000e+00 0.000000000000000000e+00 0.000000000000000000e+00 0.000000000000000000e+00 0.000000000000000000e+00 0.000000000000000000e+00 0.000000000000000000e+00 0.000000000000000000e+00 0.000000000000000000e+00 0.000000000000000000e+00 0.000000000000000000e+00 0.000000000000000000e+00 0.000000000000000000e+00 1.874999999999999931e-02 0.000000000000000000e+00 0.000000000000000000e+00 6.250000000000000347e-03 0.000000000000000000e+00 6.250000000000000347e-03 5.000000000000000278e-02 2.562499999999999778e-01 6.624999999999999778e-01
0.000000000000000000e+00 0.000000000000000000e+00 0.000000000000000000e+00 0.000000000000000000e+00 0.000000000000000000e+00 0.000000000000000000e+00 0.000000000000000000e+00 0.000000000000000000e+00 0.000000000000000000e+00 0.000000000000000000e+00 0.000000000000000000e+00 0.000000000000000000e+00 0.000000000000000000e+00 0.000000000000000000e+00 0.000000000000000000e+00 0.000000000000000000e+00 0.000000000000000000e+00 0.000000000000000000e+00 0.000000000000000000e+00 0.000000000000000000e+00 0.000000000000000000e+00 0.000000000000000000e+00 0.000000000000000000e+00 0.000000000000000000e+00 1.000000000000000000e+00
