2.989130434782608786e-02 2.269021739130434867e-01 4.415760869565217572e-02 0.000000000000000000e+00 6.114130434782608960e-03 0.000000000000000000e+00 0.000000000000000000e+00 0.000000000000000000e+00 6.929347826086956763e-01 0.000000000000000000e+00 0.000000000000000000e+00 0.000000000000000000e+00 0.000000000000000000e+00 0.000000000000000000e+00 0.000000000000000000e+00 0.000000000000000000e+00 0.000000000000000000e+00 0.000000000000000000e+00 0.000000000000000000e+00 0.000000000000000000e+00 0.000000000000000000e+00 0.000000000000000000e+00 0.000000000000000000e+00 0.000000000000000000e+00 0.000000000000000000e+00
1.785714285714285615e-02 2.976190476190476025e-03 5.952380952380952051e-02 2.232142857142857262e-01 0.000000000000000000e+00 7.738095238095238360e-02 1.785714285714285615e-02 0.000000000000000000e+00 2.083333333333333218e-02 4.136904761904761640e-01 7.142857142857142461e-02 2.976190476190476025e-03 0.000000000000000000e+00 0.000000000000000000e+00 0.000000000000000000e+00 0.000000000000000000e+00 5.952380952380952051e-03 8.630952380952380820e-02 0.000000000000000000e+00 0.000000000000000000e+00 0.000000000000000000e+00 0.000000000000000000e+00 0.000000000000000000e+00 0.000000000000000000e+00 0.000000000000000000e+00
2.343750000000000000e-02 0.000000000000000000e+00 9.375000000000000000e-02 1.484375000000000000e-01 5.468750000000000000e-02 6.250000000000000000e-02 7.812500000000000000e-03 0.000000000000000000e+00 0.000000000000000000e+00 0.000000000000000000e+00 4.609375000000000000e-01 0.000000000000000000e+00 1.406250000000000000e-01 0.000000000000000000e+00 0.000000000000000000e+00 0.000000000000000000e+00 7.812500000000000000e-03 0.000000000000000000e+00 0.000000000000000000e+00 0.000000000000000000e+00 0.000000000000000000e+00 0.000000000000000000e+00 0.000000000000000000e+00 0.000000000000000000e+00 0.000000000000000000e+00
0.000000000000000000e+00 9.523809523809524669e-03 0.000000000000000000e+00 9.523809523809523281e-02 9.523809523809524669e-03 9.523809523809524669e-03 4.761904761904761640e-02 1.809523809523809479e-01 0.000000000000000000e+00 0.000000000000000000e+00 9.523809523809524669e-03 3.523809523809524058e-01 0.000000000000000000e+00 9.523809523809523281e-02 9.523809523809523281e-02 0.000000000000000000e+00 0.000000000000000000e+00 0.000000000000000000e+00 0.000000000000000000e+00 1.904761904761904934e-02 0.000000000000000000e+00 7.619047619047619735e-02 0.000000000000000000e+00 0.000000000000000000e+00 0.000000000000000000e+00
0.000000000000000000e+00 0.000000000000000000e+00 0.000000000000000000e+00 0.000000000000000000e+00 0.000000000000000000e+00 3.076923076923077094e-01 7.692307692307692735e-02 0.000000000000000000e+00 0.000000000000000000e+00 0.000000000000000000e+00 0.000000000000000000e+00 0.000000000000000000e+00 6.153846153846154188e-01 0.000000000000000000e+00 0.000000000000000000e+00 0.000000000000000000e+00 0.000000000000000000e+00 0.000000000000000000e+00 0.000000000000000000e+00 0.000000000000000000e+00 0.000000000000000000e+00 0.000000000000000000e+00 0.000000000000000000e+00 0.000000000000000000e+00 0.000000000000000000e+00
0.000000000000000000e+00 0.000000000000000000e+00 0.000000000000000000e+00 0.000000000000000000e+00 0.000000000000000000e+00 1.363636363636363535e-01 0.000000000000000000e+00 6.818181818181817677e-02 0.000000000000000000e+00 0.000000000000000000e+00 0.000000000000000000e+00 6.818181818181817677e-02 2.272727272727272790e-02 4.318181818181818232e-01 1.363636363636363535e-01 0.000000000000000000e+00 0.000000000000000000e+00 2.272727272727272790e-02 0.000000000000000000e+00 0.000000000000000000e+00 0.000000000000000000e+00 1.136363636363636326e-01 0.000000000000000000e+00 0.000000000000000000e+00 0.000000000000000000e+00
5.000000000000000278e-02 0.000000000000000000e+00 0.000000000000000000e+00 0.000000000000000000e+00 0.000000000000000000e+00 5.000000000000000278e-02 1.000000000000000056e-01 1.000000000000000056e-01 0.000000000000000000e+00 0.000000000000000000e+00 0.000000000000000000e+00 0.000000000000000000e+00 1.499999999999999944e-01 0.000000000000000000e+00 5.500000000000000444e-01 0.000000000000000000e+00 0.000000000000000000e+00 0.000000000000000000e+00 0.000000000000000000e+00 0.000000000000000000e+00 0.000000000000000000e+00 0.000000000000000000e+00 0.000000000000000000e+00 0.000000000000000000e+00 0.000000000000000000e+00
0.000000000000000000e+00 0.000000000000000000e+00 0.000000000000000000e+00 2.777777777777777624e-02 0.000000000000000000e+00 0.000000000000000000e+00 2.777777777777777624e-02 2.777777777777777901e-01 0.000000000000000000e+00 0.000000000000000000e+00 0.000000000000000000e+00 0.000000000000000000e+00 0.000000000000000000e+00 1.666666666666666574e-01 5.555555555555555247e-02 3.611111111111111049e-01 0.000000000000000000e+00 0.000000000000000000e+00 0.000000000000000000e+00 0.000000000000000000e+00 0.000000000000000000e+00 2.777777777777777624e-02 0.000000000000000000e+00 5.555555555555555247e-02 0.000000000000000000e+00
0.000000000000000000e+00 0.000000000000000000e+00 0.000000000000000000e+00 0.000000000000000000e+00 0.000000000000000000e+00 0.000000000000000000e+00 0.000000000000000000e+00 0.000000000000000000e+00 2.504638218923933152e-02 2.179962894248608507e-01 4.823747680890538153e-02 0.000000000000000000e+00 5.565862708719851448e-03 0.000000000000000000e+00 0.000000000000000000e+00 0.000000000000000000e+00 7.031539888682746264e-01 0.000000000000000000e+00 0.000000000000000000e+00 0.000000000000000000e+00 0.000000000000000000e+00 0.000000000000000000e+00 0.000000000000000000e+00 0.000000000000000000e+00 0.000000000000000000e+00
0.000000000000000000e+00 0.000000000000000000e+00 0.000000000000000000e+00 0.000000000000000000e+00 0.000000000000000000e+00 0.000000000000000000e+00 0.000000000000000000e+00 0.000000000000000000e+00 1.851851851851851749e-02 2.645502645502645356e-03 8.730158730158729674e-02 1.904761904761904656e-01 2.645502645502645356e-03 4.497354497354497105e-02 3.439153439153438963e-02 0.000000000000000000e+00 1.851851851851851749e-02 4.179894179894179662e-01 5.820105820105819783e-02 5.291005291005290712e-03 0.000000000000000000e+00 0.000000000000000000e+00 0.000000000000000000e+00 0.000000000000000000e+00 1.190476190476190410e-01
0.000000000000000000e+00 0.000000000000000000e+00 0.000000000000000000e+00 0.000000000000000000e+00 0.000000000000000000e+00 0.000000000000000000e+00 0.000000000000000000e+00 0.000000000000000000e+00 5.617977528089887485e-02 5.617977528089887485e-03 3.932584269662921239e-02 1.460674157303370746e-01 7.865168539325842478e-02 2.808988764044943742e-02 1.685393258426966245e-02 0.000000000000000000e+00 5.617977528089887485e-03 1.685393258426966245e-02 4.494382022471909988e-01 0.000000000000000000e+00 1.516853932584269760e-01 0.000000000000000000e+00 0.000000000000000000e+00 0.000000000000000000e+00 5.617977528089887485e-03
0.000000000000000000e+00 0.000000000000000000e+00 0.000000000000000000e+00 0.000000000000000000e+00 0.000000000000000000e+00 0.000000000000000000e+00 0.000000000000000000e+00 0.000000000000000000e+00 1.149425287356321823e-02 1.149425287356321823e-02 5.747126436781609116e-03 1.379310344827586188e-01 0.000000000000000000e+00 2.298850574712643646e-02 4.597701149425287293e-02 1.264367816091954144e-01 0.000000000000000000e+00 1.149425287356321823e-02 0.000000000000000000e+00 3.735632183908045856e-01 5.747126436781609116e-03 9.770114942528736190e-02 2.298850574712643646e-02 0.000000000000000000e+00 1.264367816091954144e-01
0.000000000000000000e+00 0.000000000000000000e+00 0.000000000000000000e+00 0.000000000000000000e+00 0.000000000000000000e+00 0.000000000000000000e+00 0.000000000000000000e+00 0.000000000000000000e+00 2.500000000000000139e-02 0.000000000000000000e+00 0.000000000000000000e+00 0.000000000000000000e+00 0.000000000000000000e+00 3.499999999999999778e-01 7.499999999999999722e-02 0.000000000000000000e+00 0.000000000000000000e+00 5.000000000000000278e-02 2.500000000000000139e-02 0.000000000000000000e+00 4.749999999999999778e-01 0.000000000000000000e+00 0.000000000000000000e+00 0.000000000000000000e+00 0.000000000000000000e+00
0.000000000000000000e+00 0.000000000000000000e+00 0.000000000000000000e+00 0.000000000000000000e+00 0.000000000000000000e+00 0.000000000000000000e+00 0.000000000000000000e+00 0.000000000000000000e+00 1.136363636363636395e-02 0.000000000000000000e+00 0.000000000000000000e+00 7.954545454545454419e-02 1.136363636363636395e-02 4.545454545454545581e-02 4.545454545454545581e-02 2.386363636363636465e-01 0.000000000000000000e+00 0.000000000000000000e+00 0.000000000000000000e+00 0.000000000000000000e+00 1.136363636363636395e-02 3.522727272727272929e-01 6.818181818181817677e-02 0.000000000000000000e+00 1.363636363636363535e-01
0.000000000000000000e+00 0.000000000000000000e+00 0.000000000000000000e+00 0.000000000000000000e+00 0.000000000000000000e+00 0.000000000000000000e+00 0.000000000000000000e+00 0.000000000000000000e+00 1.219512195121951262e-02 0.000000000000000000e+00 0.000000000000000000e+00 0.000000000000000000e+00 0.000000000000000000e+00 1.219512195121951192e-01 6.097560975609755962e-02 2.317073170731707432e-01 0.000000000000000000e+00 0.000000000000000000e+00 0.000000000000000000e+00 2.439024390243902524e-02 9.756097560975610095e-02 3.658536585365853439e-02 3.902439024390244038e-01 0.000000000000000000e+00 2.439024390243902524e-02
0.000000000000000000e+00 0.000000000000000000e+00 0.000000000000000000e+00 0.000000000000000000e+00 0.000000000000000000e+00 0.000000000000000000e+00 0.000000000000000000e+00 0.000000000000000000e+00 3.225806451612903136e-02 0.000000000000000000e+00 0.000000000000000000e+00 4.301075268817204644e-02 0.000000000000000000e+00 0.000000000000000000e+00 5.376344086021505458e-02 1.827956989247311870e-01 0.000000000000000000e+00 0.000000000000000000e+00 0.000000000000000000e+00 0.000000000000000000e+00 0.000000000000000000e+00 7.526881720430107781e-02 7.526881720430107781e-02 3.548387096774193727e-01 1.827956989247311870e-01
0.000000000000000000e+00 0.000000000000000000e+00 0.000000000000000000e+00 0.000000000000000000e+00 0.000000000000000000e+00 0.000000000000000000e+00 0.000000000000000000e+00 0.000000000000000000e+00 0.000000000000000000e+00 0.000000000000000000e+00 0.000000000000000000e+00 0.000000000000000000e+00 0.000000000000000000e+00 0.000000000000000000e+00 0.000000000000000000e+00 0.000000000000000000e+00 3.558282208588957329e-02 2.539877300613496702e-01 4.907975460122699501e-02 0.000000000000000000e+00 3.680981595092024539e-03 0.000000000000000000e+00 0.000000000000000000e+00 0.000000000000000000e+00 6.576687116564416957e-01
0.000000000000000000e+00 0.000000000000000000e+00 0.000000000000000000e+00 0.000000000000000000e+00 0.000000000000000000e+00 0.000000000000000000e+00 0.000000000000000000e+00 0.000000000000000000e+00 0.000000000000000000e+00 0.000000000000000000e+00 0.000000000000000000e+00 0.000000000000000000e+00 0.000000000000000000e+00 0.000000000000000000e+00 0.000000000000000000e+00 0.000000000000000000e+00 1.719901719901719903e-02 1.228501228501228427e-02 7.862407862407862214e-02 1.621621621621621712e-01 2.457002457002456942e-03 5.651105651105651356e-02 1.965601965601965553e-02 0.000000000000000000e+00 6.511056511056511065e-01
0.000000000000000000e+00 0.000000000000000000e+00 0.000000000000000000e+00 0.000000000000000000e+00 0.000000000000000000e+00 0.000000000000000000e+00 0.000000000000000000e+00 0.000000000000000000e+00 0.000000000000000000e+00 0.000000000000000000e+00 0.000000000000000000e+00 0.000000000000000000e+00 0.000000000000000000e+00 0.000000000000000000e+00 0.000000000000000000e+00 0.000000000000000000e+00 1.604278074866310327e-02 0.000000000000000000e+00 7.486631016042780140e-02 2.139037433155080159e-01 5.347593582887700397e-02 2.673796791443850199e-02 5.347593582887700224e-03 0.000000000000000000e+00 6.096256684491978550e-01
0.000000000000000000e+00 0.000000000000000000e+00 0.000000000000000000e+00 0.000000000000000000e+00 0.000000000000000000e+00 0.000000000000000000e+00 0.000000000000000000e+00 0.000000000000000000e+00 0.000000000000000000e+00 0.000000000000000000e+00 0.000000000000000000e+00 0.000000000000000000e+00 0.000000000000000000e+00 0.000000000000000000e+00 0.000000000000000000e+00 0.000000000000000000e+00 2.777777777777777624e-02 4.629629629629629373e-03 4.629629629629629373e-03 9.259259259259258745e-02 0.000000000000000000e+00 0.000000000000000000e+00 2.314814814814814686e-02 1.064814814814814825e-01 7.407407407407406996e-01
0.000000000000000000e+00 0.000000000000000000e+00 0.000000000000000000e+00 0.000000000000000000e+00 0.000000000000000000e+00 0.000000000000000000e+00 0.000000000000000000e+00 0.000000000000000000e+00 0.000000000000000000e+00 0.000000000000000000e+00 0.000000000000000000e+00 0.000000000000000000e+00 0.000000000000000000e+00 0.000000000000000000e+00 0.000000000000000000e+00 0.000000000000000000e+00 3.030303030303030387e-02 0.000000000000000000e+00 0.000000000000000000e+00 0.000000000000000000e+00 0.000000000000000000e+00 2.727272727272727071e-01 3.030303030303030387e-02 0.000000000000000000e+00 6.666666666666666297e-01
0.000000000000000000e+00 0.000000000000000000e+00 0.000000000000000000e+00 0.000000000000000000e+00 0.000000000000000000e+00 0.000000000000000000e+00 0.000000000000000000e+00 0.000000000000000000e+00 0.000000000000000000e+00 0.000000000000000000e+00 0.000000000000000000e+00 0.000000000000000000e+00 0.000000000000000000e+00 0.000000000000000000e+00 0.000000000000000000e+00 0.000000000000000000e+00 2.290076335877862593e-02 0.000000000000000000e+00 0.000000000000000000e+00 1.145038167938931262e-01 0.000000000000000000e+00 1.145038167938931262e-01 3.816793893129771104e-02 9.160305343511450371e-02 6.183206106870229313e-01
0.000000000000000000e+00 0.000000000000000000e+00 0.000000000000000000e+00 0.000000000000000000e+00 0.000000000000000000e+00 0.000000000000000000e+00 0.000000000000000000e+00 0.000000000000000000e+00 0.000000000000000000e+00 0.000000000000000000e+00 0.000000000000000000e+00 0.000000000000000000e+00 0.000000000000000000e+00 0.000000000000000000e+00 0.000000000000000000e+00 0.000000000000000000e+00 1.162790697674418589e-02 0.000000000000000000e+00 0.000000000000000000e+00 0.000000000000000000e+00 1.162790697674418589e-02 2.325581395348837177e-02 5.813953488372092943e-02 1.976744186046511531e-01 6.976744186046511809e-01
0.000000000000000000e+00 0.000000000000000000e+00 0.000000000000000000e+00 0.000000000000000000e+00 0.000000000000000000e+00 0.000000000000000000e+00 0.000000000000000000e+00 0.000000000000000000e+00 0.000000000000000000e+00 0.000000000000000000e+00 0.000000000000000000e+00 0.000000000000000000e+00 0.000000000000000000e+00 0.000000000000000000e+00 0.000000000000000000e+00 0.000000000000000000e+00 2.654867256637168105e-02 0.000000000000000000e+00 0.000000000000000000e+00 7.964601769911504314e-02 0.000000000000000000e+00 0.000000000000000000e+00 1.061946902654867242e-01 2.123893805309734484e-01 5.752212389380531032e-01
0.000000000000000000e+00 0.000000000000000000e+00 0.000000000000000000e+00 0.000000000000000000e+00 0.000000000000000000e+00 0.000000000000000000e+00 0.000000000000000000e+00 0.000000000000000000e+00 0.000000000000000000e+00 0.000000000000000000e+00 0.000000000000000000e+00 0.000000000000000000e+00 0.000000000000000000e+00 0.000000000000000000e+00 0.000000000000000000e+00 0.000000000000000000e+00 0.000000000000000000e+00 0.000000000000000000e+00 0.000000000000000000e+00 0.000000000000000000e+00 0.000000000000000000e+00 0.000000000000000000e+00 0.000000000000000000e+00 0.000000000000000000e+00 1.000000000000000000e+00
