2.049180327868852305e-02 2.472677595628415270e-01 5.669398907103825186e-02 0.000000000000000000e+00 5.464480874316939886e-03 0.000000000000000000e+00 0.000000000000000000e+00 0.000000000000000000e+00 6.700819672131147486e-01 0.000000000000000000e+00 0.000000000000000000e+00 0.000000000000000000e+00 0.000000000000000000e+00 0.000000000000000000e+00 0.000000000000000000e+00 0.000000000000000000e+00 0.000000000000000000e+00 0.000000000000000000e+00 0.000000000000000000e+00 0.000000000000000000e+00 0.000000000000000000e+00 0.000000000000000000e+00 0.000000000000000000e+00 0.000000000000000000e+00 0.000000000000000000e+00
1.652892561983471120e-02 0.000000000000000000e+00 7.438016528925620041e-02 1.900826446280991788e-01 1.101928374655647414e-02 5.509641873278237068e-02 3.030303030303030387e-02 0.000000000000000000e+00 1.928374655647382974e-02 4.214876033057851079e-01 7.162534435261708188e-02 2.754820936639118534e-03 0.000000000000000000e+00 0.000000000000000000e+00 0.000000000000000000e+00 0.000000000000000000e+00 5.509641873278237068e-03 9.917355371900826722e-02 0.000000000000000000e+00 0.000000000000000000e+00 0.000000000000000000e+00 2.754820936639118534e-03 0.000000000000000000e+00 0.000000000000000000e+00 0.000000000000000000e+00
2.040816326530612082e-02 6.802721088435373896e-03 4.081632653061224164e-02 1.156462585034013640e-01 4.081632653061224164e-02 8.163265306122448328e-02 2.040816326530612082e-02 0.000000000000000000e+00 0.000000000000000000e+00 0.000000000000000000e+00 4.217687074829932214e-01 0.000000000000000000e+00 2.448979591836734637e-01 0.000000000000000000e+00 0.000000000000000000e+00 0.000000000000000000e+00 6.802721088435373896e-03 0.000000000000000000e+00 0.000000000000000000e+00 0.000000000000000000e+00 0.000000000000000000e+00 0.000000000000000000e+00 0.000000000000000000e+00 0.000000000000000000e+00 0.000000000000000000e+00
3.333333333333333287e-02 0.000000000000000000e+00 0.000000000000000000e+00 4.444444444444444614e-02 0.000000000000000000e+00 2.222222222222222307e-02 5.555555555555555247e-02 1.888888888888888840e-01 0.000000000000000000e+00 1.111111111111111154e-02 0.000000000000000000e+00 3.777777777777777679e-01 0.000000000000000000e+00 1.222222222222222182e-01 6.666666666666666574e-02 0.000000000000000000e+00 0.000000000000000000e+00 1.111111111111111154e-02 0.000000000000000000e+00 0.000000000000000000e+00 0.000000000000000000e+00 6.666666666666666574e-02 0.000000000000000000e+00 0.000000000000000000e+00 0.000000000000000000e+00
0.000000000000000000e+00 0.000000000000000000e+00 0.000000000000000000e+00 0.000000000000000000e+00 0.000000000000000000e+00 2.352941176470588203e-01 0.000000000000000000e+00 0.000000000000000000e+00 0.000000000000000000e+00 0.000000000000000000e+00 0.000000000000000000e+00 0.000000000000000000e+00 7.647058823529411242e-01 0.000000000000000000e+00 0.000000000000000000e+00 0.000000000000000000e+00 0.000000000000000000e+00 0.000000000000000000e+00 0.000000000000000000e+00 0.000000000000000000e+00 0.000000000000000000e+00 0.000000000000000000e+00 0.000000000000000000e+00 0.000000000000000000e+00 0.000000000000000000e+00
0.000000000000000000e+00 0.000000000000000000e+00 0.000000000000000000e+00 2.631578947368420907e-02 0.000000000000000000e+00 2.631578947368420907e-02 1.052631578947368363e-01 1.842105263157894635e-01 0.000000000000000000e+00 0.000000000000000000e+00 0.000000000000000000e+00 0.000000000000000000e+00 2.631578947368420907e-02 5.000000000000000000e-01 5.263157894736841813e-02 0.000000000000000000e+00 0.000000000000000000e+00 0.000000000000000000e+00 2.631578947368420907e-02 0.000000000000000000e+00 0.000000000000000000e+00 5.263157894736841813e-02 0.000000000000000000e+00 0.000000000000000000e+00 0.000000000000000000e+00
3.333333333333333287e-02 0.000000000000000000e+00 0.000000000000000000e+00 0.000000000000000000e+00 0.000000000000000000e+00 3.333333333333333287e-02 1.333333333333333315e-01 2.000000000000000111e-01 0.000000000000000000e+00 0.000000000000000000e+00 0.000000000000000000e+00 0.000000000000000000e+00 1.666666666666666574e-01 3.333333333333333287e-02 4.000000000000000222e-01 0.000000000000000000e+00 0.000000000000000000e+00 0.000000000000000000e+00 0.000000000000000000e+00 0.000000000000000000e+00 0.000000000000000000e+00 0.000000000000000000e+00 0.000000000000000000e+00 0.000000000000000000e+00 0.000000000000000000e+00
5.128205128205128027e-02 0.000000000000000000e+00 0.000000000000000000e+00 0.000000000000000000e+00 0.000000000000000000e+00 0.000000000000000000e+00 5.128205128205128027e-02 1.794871794871794879e-01 0.000000000000000000e+00 0.000000000000000000e+00 0.000000000000000000e+00 0.000000000000000000e+00 0.000000000000000000e+00 1.025641025641025605e-01 0.000000000000000000e+00 5.128205128205127750e-01 0.000000000000000000e+00 0.000000000000000000e+00 0.000000000000000000e+00 0.000000000000000000e+00 0.000000000000000000e+00 7.692307692307692735e-02 0.000000000000000000e+00 2.564102564102564014e-02 0.000000000000000000e+00
0.000000000000000000e+00 0.000000000000000000e+00 0.000000000000000000e+00 0.000000000000000000e+00 0.000000000000000000e+00 0.000000000000000000e+00 0.000000000000000000e+00 0.000000000000000000e+00 1.943634596695821212e-02 2.458697764820213794e-01 4.275996112730806598e-02 0.000000000000000000e+00 3.887269193391642164e-03 0.000000000000000000e+00 0.000000000000000000e+00 0.000000000000000000e+00 6.880466472303207182e-01 0.000000000000000000e+00 0.000000000000000000e+00 0.000000000000000000e+00 0.000000000000000000e+00 0.000000000000000000e+00 0.000000000000000000e+00 0.000000000000000000e+00 0.000000000000000000e+00
0.000000000000000000e+00 0.000000000000000000e+00 0.000000000000000000e+00 0.000000000000000000e+00 0.000000000000000000e+00 0.000000000000000000e+00 0.000000000000000000e+00 0.000000000000000000e+00 1.216545012165450197e-02 2.433090024330900308e-03 8.515815085158150166e-02 1.678832116788321061e-01 2.433090024330900308e-03 5.596107055961070664e-02 3.649635036496350071e-02 0.000000000000000000e+00 2.189781021897810320e-02 4.720194647201946259e-01 3.892944038929440492e-02 0.000000000000000000e+00 0.000000000000000000e+00 0.000000000000000000e+00 0.000000000000000000e+00 0.000000000000000000e+00 1.046228710462287076e-01
0.000000000000000000e+00 0.000000000000000000e+00 0.000000000000000000e+00 0.000000000000000000e+00 0.000000000000000000e+00 0.000000000000000000e+00 0.000000000000000000e+00 0.000000000000000000e+00 2.259887005649717506e-02 1.129943502824858753e-02 5.649717514124293766e-02 1.694915254237288060e-01 2.259887005649717506e-02 3.389830508474576259e-02 1.129943502824858753e-02 0.000000000000000000e+00 5.649717514124293766e-03 5.649717514124293766e-03 4.802259887005649874e-01 0.000000000000000000e+00 1.751412429378531033e-01 0.000000000000000000e+00 0.000000000000000000e+00 0.000000000000000000e+00 5.649717514124293766e-03
0.000000000000000000e+00 0.000000000000000000e+00 0.000000000000000000e+00 0.000000000000000000e+00 0.000000000000000000e+00 0.000000000000000000e+00 0.000000000000000000e+00 0.000000000000000000e+00 1.898734177215189931e-02 6.329113924050632813e-03 0.000000000000000000e+00 8.227848101265822223e-02 6.329113924050632813e-03 2.531645569620253125e-02 2.531645569620253125e-02 1.202531645569620278e-01 6.329113924050632813e-03 0.000000000000000000e+00 0.000000000000000000e+00 4.620253164556962222e-01 0.000000000000000000e+00 1.455696202531645556e-01 1.898734177215189931e-02 0.000000000000000000e+00 8.227848101265822223e-02
0.000000000000000000e+00 0.000000000000000000e+00 0.000000000000000000e+00 0.000000000000000000e+00 0.000000000000000000e+00 0.000000000000000000e+00 0.000000000000000000e+00 0.000000000000000000e+00 3.703703703703703498e-02 1.851851851851851749e-02 0.000000000000000000e+00 0.000000000000000000e+00 0.000000000000000000e+00 3.703703703703703498e-01 5.555555555555555247e-02 0.000000000000000000e+00 0.000000000000000000e+00 0.000000000000000000e+00 0.000000000000000000e+00 0.000000000000000000e+00 5.185185185185184897e-01 0.000000000000000000e+00 0.000000000000000000e+00 0.000000000000000000e+00 0.000000000000000000e+00
0.000000000000000000e+00 0.000000000000000000e+00 0.000000000000000000e+00 0.000000000000000000e+00 0.000000000000000000e+00 0.000000000000000000e+00 0.000000000000000000e+00 0.000000000000000000e+00 2.061855670103092744e-02 0.000000000000000000e+00 0.000000000000000000e+00 4.123711340206185488e-02 0.000000000000000000e+00 6.185567010309278579e-02 8.247422680412370977e-02 1.340206185567010266e-01 0.000000000000000000e+00 0.000000000000000000e+00 0.000000000000000000e+00 2.061855670103092744e-02 1.030927835051546372e-02 4.329896907216495006e-01 7.216494845360824084e-02 0.000000000000000000e+00 1.237113402061855716e-01
0.000000000000000000e+00 0.000000000000000000e+00 0.000000000000000000e+00 0.000000000000000000e+00 0.000000000000000000e+00 0.000000000000000000e+00 0.000000000000000000e+00 0.000000000000000000e+00 2.597402597402597574e-02 0.000000000000000000e+00 0.000000000000000000e+00 0.000000000000000000e+00 0.000000000000000000e+00 5.194805194805195148e-02 9.090909090909091161e-02 2.207792207792207695e-01 0.000000000000000000e+00 0.000000000000000000e+00 0.000000000000000000e+00 1.298701298701298787e-02 1.038961038961039030e-01 0.000000000000000000e+00 4.675324675324675217e-01 0.000000000000000000e+00 2.597402597402597574e-02
0.000000000000000000e+00 0.000000000000000000e+00 0.000000000000000000e+00 0.000000000000000000e+00 0.000000000000000000e+00 0.000000000000000000e+00 0.000000000000000000e+00 0.000000000000000000e+00 3.448275862068965469e-02 0.000000000000000000e+00 0.000000000000000000e+00 6.896551724137930939e-02 0.000000000000000000e+00 2.298850574712643646e-02 8.045977011494252762e-02 1.839080459770114917e-01 0.000000000000000000e+00 0.000000000000000000e+00 0.000000000000000000e+00 2.298850574712643646e-02 0.000000000000000000e+00 6.896551724137930939e-02 4.597701149425287293e-02 4.252873563218390607e-01 4.597701149425287293e-02
0.000000000000000000e+00 0.000000000000000000e+00 0.000000000000000000e+00 0.000000000000000000e+00 0.000000000000000000e+00 0.000000000000000000e+00 0.000000000000000000e+00 0.000000000000000000e+00 0.000000000000000000e+00 0.000000000000000000e+00 0.000000000000000000e+00 0.000000000000000000e+00 0.000000000000000000e+00 0.000000000000000000e+00 0.000000000000000000e+00 0.000000000000000000e+00 1.719576719576719481e-02 2.473544973544973546e-01 4.894179894179893908e-02 0.000000000000000000e+00 1.322751322751322678e-03 0.000000000000000000e+00 0.000000000000000000e+00 0.000000000000000000e+00 6.851851851851852304e-01
0.000000000000000000e+00 0.000000000000000000e+00 0.000000000000000000e+00 0.000000000000000000e+00 0.000000000000000000e+00 0.000000000000000000e+00 0.000000000000000000e+00 0.000000000000000000e+00 0.000000000000000000e+00 0.000000000000000000e+00 0.000000000000000000e+00 0.000000000000000000e+00 0.000000000000000000e+00 0.000000000000000000e+00 0.000000000000000000e+00 0.000000000000000000e+00 1.165501165501165587e-02 2.331002331002331174e-02 1.048951048951048959e-01 1.468531468531468487e-01 2.331002331002331000e-03 5.827505827505827241e-02 9.324009324009324001e-03 0.000000000000000000e+00 6.433566433566433318e-01
0.000000000000000000e+00 0.000000000000000000e+00 0.000000000000000000e+00 0.000000000000000000e+00 0.000000000000000000e+00 0.000000000000000000e+00 0.000000000000000000e+00 0.000000000000000000e+00 0.000000000000000000e+00 0.000000000000000000e+00 0.000000000000000000e+00 0.000000000000000000e+00 0.000000000000000000e+00 0.000000000000000000e+00 0.000000000000000000e+00 0.000000000000000000e+00 2.538071065989847691e-02 0.000000000000000000e+00 5.076142131979695382e-02 2.284263959390862853e-01 2.538071065989847691e-02 4.568527918781725705e-02 5.076142131979695035e-03 0.000000000000000000e+00 6.192893401015228116e-01
0.000000000000000000e+00 0.000000000000000000e+00 0.000000000000000000e+00 0.000000000000000000e+00 0.000000000000000000e+00 0.000000000000000000e+00 0.000000000000000000e+00 0.000000000000000000e+00 0.000000000000000000e+00 0.000000000000000000e+00 0.000000000000000000e+00 0.000000000000000000e+00 0.000000000000000000e+00 0.000000000000000000e+00 0.000000000000000000e+00 0.000000000000000000e+00 2.325581395348837177e-02 0.000000000000000000e+00 4.651162790697674354e-03 6.511627906976744096e-02 0.000000000000000000e+00 1.395348837209302306e-02 5.581395348837209225e-02 1.441860465116279189e-01 6.930232558139535204e-01
0.000000000000000000e+00 0.000000000000000000e+00 0.000000000000000000e+00 0.000000000000000000e+00 0.000000000000000000e+00 0.000000000000000000e+00 0.000000000000000000e+00 0.000000000000000000e+00 0.000000000000000000e+00 0.000000000000000000e+00 0.000000000000000000e+00 0.000000000000000000e+00 0.000000000000000000e+00 0.000000000000000000e+00 0.000000000000000000e+00 0.000000000000000000e+00 2.439024390243902524e-02 0.000000000000000000e+00 0.000000000000000000e+00 0.000000000000000000e+00 4.878048780487805047e-02 2.804878048780488076e-01 1.219512195121951262e-02 0.000000000000000000e+00 6.341463414634146423e-01
0.000000000000000000e+00 0.000000000000000000e+00 0.000000000000000000e+00 0.000000000000000000e+00 0.000000000000000000e+00 0.000000000000000000e+00 0.000000000000000000e+00 0.000000000000000000e+00 0.000000000000000000e+00 0.000000000000000000e+00 0.000000000000000000e+00 0.000000000000000000e+00 0.000000000000000000e+00 0.000000000000000000e+00 0.000000000000000000e+00 0.000000000000000000e+00 2.500000000000000139e-02 0.000000000000000000e+00 0.000000000000000000e+00 7.499999999999999722e-02 0.000000000000000000e+00 9.375000000000000000e-02 2.500000000000000139e-02 2.062499999999999889e-01 5.749999999999999556e-01
0.000000000000000000e+00 0.000000000000000000e+00 0.000000000000000000e+00 0.000000000000000000e+00 0.000000000000000000e+00 0.000000000000000000e+00 0.000000000000000000e+00 0.000000000000000000e+00 0.000000000000000000e+00 0.000000000000000000e+00 0.000000000000000000e+00 0.000000000000000000e+00 0.000000000000000000e+00 0.000000000000000000e+00 0.000000000000000000e+00 0.000000000000000000e+00 3.488372093023255766e-02 0.000000000000000000e+00 0.000000000000000000e+00 0.000000000000000000e+00 5.813953488372092943e-02 6.976744186046511531e-02 2.325581395348837177e-02 2.790697674418604612e-01 5.348837209302325091e-01
0.000000000000000000e+00 0.000000000000000000e+00 0.000000000000000000e+00 0.000000000000000000e+00 0.000000000000000000e+00 0.000000000000000000e+00 0.000000000000000000e+00 0.000000000000000000e+00 0.000000000000000000e+00 0.000000000000000000e+00 0.000000000000000000e+00 0.000000000000000000e+00 0.000000000000000000e+00 0.000000000000000000e+00 0.000000000000000000e+00 0.000000000000000000e+00 2.234636871508379960e-02 0.000000000000000000e+00 5.586592178770949900e-03 1.675977653631284883e-02 0.000000000000000000e+00 5.586592178770949900e-03 5.586592178770949380e-02 2.905027932960894121e-01 6.033519553072625996e-01
0.000000000000000000e+00 0.000000000000000000e+00 0.000000000000000000e+00 0.000000000000000000e+00 0.000000000000000000e+00 0.000000000000000000e+00 0.000000000000000000e+00 0.000000000000000000e+00 0.000000000000000000e+00 0.000000000000000000e+00 0.000000000000000000e+00 0.000000000000000000e+00 0.000000000000000000e+00 0.000000000000000000e+00 0.000000000000000000e+00 0.000000000000000000e+00 0.000000000000000000e+00 0.000000000000000000e+00 0.000000000000000000e+00 0.000000000000000000e+00 0.000000000000000000e+00 0.000000000000000000e+00 0.000000000000000000e+00 0.000000000000000000e+00 1.000000000000000000e+00
