3.755868544600939052e-02 2.213279678068410528e-01 6.036217303822937613e-02 0.000000000000000000e+00 2.682763246143527770e-03 0.000000000000000000e+00 0.000000000000000000e+00 0.000000000000000000e+00 6.780684104627766606e-01 0.000000000000000000e+00 0.000000000000000000e+00 0.000000000000000000e+00 0.000000000000000000e+00 0.000000000000000000e+00 0.000000000000000000e+00 0.000000000000000000e+00 0.000000000000000000e+00 0.000000000000000000e+00 0.000000000000000000e+00 0.000000000000000000e+00 0.000000000000000000e+00 0.000000000000000000e+00 0.000000000000000000e+00 0.000000000000000000e+00 0.000000000000000000e+00
4.518072289156626481e-02 0.000000000000000000e+00 7.228915662650602092e-02 1.867469879518072196e-01 0.000000000000000000e+00 4.216867469879517771e-02 2.710843373493975958e-02 0.000000000000000000e+00 9.036144578313252615e-03 4.578313253012047945e-01 3.012048192771084321e-02 0.000000000000000000e+00 0.000000000000000000e+00 0.000000000000000000e+00 0.000000000000000000e+00 0.000000000000000000e+00 1.204819277108433798e-02 1.144578313253011986e-01 0.000000000000000000e+00 0.000000000000000000e+00 0.000000000000000000e+00 3.012048192771084494e-03 0.000000000000000000e+00 0.000000000000000000e+00 0.000000000000000000e+00
2.222222222222222307e-02 7.407407407407407690e-03 4.444444444444444614e-02 2.074074074074074014e-01 2.962962962962963076e-02 1.037037037037037007e-01 0.000000000000000000e+00 0.000000000000000000e+00 0.000000000000000000e+00 7.407407407407407690e-03 3.777777777777777679e-01 0.000000000000000000e+00 2.000000000000000111e-01 0.000000000000000000e+00 0.000000000000000000e+00 0.000000000000000000e+00 0.000000000000000000e+00 0.000000000000000000e+00 0.000000000000000000e+00 0.000000000000000000e+00 0.000000000000000000e+00 0.000000000000000000e+00 0.000000000000000000e+00 0.000000000000000000e+00 0.000000000000000000e+00
4.166666666666666435e-02 1.041666666666666609e-02 0.000000000000000000e+00 5.208333333333333565e-02 0.000000000000000000e+00 1.041666666666666609e-02 9.375000000000000000e-02 1.562500000000000000e-01 0.000000000000000000e+00 0.000000000000000000e+00 0.000000000000000000e+00 4.166666666666666852e-01 0.000000000000000000e+00 9.375000000000000000e-02 5.208333333333333565e-02 0.000000000000000000e+00 0.000000000000000000e+00 0.000000000000000000e+00 1.041666666666666609e-02 0.000000000000000000e+00 0.000000000000000000e+00 6.250000000000000000e-02 0.000000000000000000e+00 0.000000000000000000e+00 0.000000000000000000e+00
1.250000000000000000e-01 0.000000000000000000e+00 0.000000000000000000e+00 0.000000000000000000e+00 1.250000000000000000e-01 2.500000000000000000e-01 0.000000000000000000e+00 0.000000000000000000e+00 0.000000000000000000e+00 0.000000000000000000e+00 0.000000000000000000e+00 0.000000000000000000e+00 5.000000000000000000e-01 0.000000000000000000e+00 0.000000000000000000e+00 0.000000000000000000e+00 0.000000000000000000e+00 0.000000000000000000e+00 0.000000000000000000e+00 0.000000000000000000e+00 0.000000000000000000e+00 0.000000000000000000e+00 0.000000000000000000e+00 0.000000000000000000e+00 0.000000000000000000e+00
3.225806451612903136e-02 0.000000000000000000e+00 0.000000000000000000e+00 3.225806451612903136e-02 0.000000000000000000e+00 0.000000000000000000e+00 9.677419354838709409e-02 9.677419354838709409e-02 0.000000000000000000e+00 0.000000000000000000e+00 0.000000000000000000e+00 0.000000000000000000e+00 0.000000000000000000e+00 5.483870967741935054e-01 9.677419354838709409e-02 0.000000000000000000e+00 0.000000000000000000e+00 0.000000000000000000e+00 3.225806451612903136e-02 0.000000000000000000e+00 3.225806451612903136e-02 3.225806451612903136e-02 0.000000000000000000e+00 0.000000000000000000e+00 0.000000000000000000e+00
0.000000000000000000e+00 0.000000000000000000e+00 0.000000000000000000e+00 0.000000000000000000e+00 0.000000000000000000e+00 1.153846153846153910e-01 3.846153846153846367e-02 1.923076923076923184e-01 0.000000000000000000e+00 0.000000000000000000e+00 0.000000000000000000e+00 0.000000000000000000e+00 2.692307692307692180e-01 0.000000000000000000e+00 3.846153846153846367e-01 0.000000000000000000e+00 0.000000000000000000e+00 0.000000000000000000e+00 0.000000000000000000e+00 0.000000000000000000e+00 0.000000000000000000e+00 0.000000000000000000e+00 0.000000000000000000e+00 0.000000000000000000e+00 0.000000000000000000e+00
2.857142857142857054e-02 0.000000000000000000e+00 0.000000000000000000e+00 0.000000000000000000e+00 0.000000000000000000e+00 0.000000000000000000e+00 8.571428571428571508e-02 2.857142857142856984e-01 0.000000000000000000e+00 0.000000000000000000e+00 0.000000000000000000e+00 0.000000000000000000e+00 0.000000000000000000e+00 2.857142857142857054e-02 2.857142857142857054e-02 4.571428571428571286e-01 0.000000000000000000e+00 0.000000000000000000e+00 0.000000000000000000e+00 2.857142857142857054e-02 0.000000000000000000e+00 5.714285714285714107e-02 0.000000000000000000e+00 0.000000000000000000e+00 0.000000000000000000e+00
0.000000000000000000e+00 0.000000000000000000e+00 0.000000000000000000e+00 0.000000000000000000e+00 0.000000000000000000e+00 0.000000000000000000e+00 0.000000000000000000e+00 0.000000000000000000e+00 3.047091412742382321e-02 2.308402585410895547e-01 3.416435826408125570e-02 0.000000000000000000e+00 2.770083102493074798e-03 0.000000000000000000e+00 0.000000000000000000e+00 0.000000000000000000e+00 7.017543859649122417e-01 0.000000000000000000e+00 0.000000000000000000e+00 0.000000000000000000e+00 0.000000000000000000e+00 0.000000000000000000e+00 0.000000000000000000e+00 0.000000000000000000e+00 0.000000000000000000e+00
0.000000000000000000e+00 0.000000000000000000e+00 0.000000000000000000e+00 0.000000000000000000e+00 0.000000000000000000e+00 0.000000000000000000e+00 0.000000000000000000e+00 0.000000000000000000e+00 2.933985330073349621e-02 7.334963325183374051e-03 9.046454767726161417e-02 1.760391198044009842e-01 2.444987775061124684e-03 3.422982885085574384e-02 2.933985330073349621e-02 0.000000000000000000e+00 1.955990220048899747e-02 4.841075794621026995e-01 9.779951100244498735e-03 0.000000000000000000e+00 2.444987775061124684e-03 2.444987775061124684e-03 0.000000000000000000e+00 0.000000000000000000e+00 1.124694376528117407e-01
0.000000000000000000e+00 0.000000000000000000e+00 0.000000000000000000e+00 0.000000000000000000e+00 0.000000000000000000e+00 0.000000000000000000e+00 0.000000000000000000e+00 0.000000000000000000e+00 4.895104895104895187e-02 0.000000000000000000e+00 5.594405594405594401e-02 1.538461538461538547e-01 5.594405594405594401e-02 3.496503496503496761e-02 2.097902097902097987e-02 0.000000000000000000e+00 6.993006993006993001e-03 6.993006993006993001e-03 4.685314685314685423e-01 0.000000000000000000e+00 1.398601398601398704e-01 0.000000000000000000e+00 0.000000000000000000e+00 0.000000000000000000e+00 6.993006993006993001e-03
0.000000000000000000e+00 0.000000000000000000e+00 0.000000000000000000e+00 0.000000000000000000e+00 0.000000000000000000e+00 0.000000000000000000e+00 0.000000000000000000e+00 0.000000000000000000e+00 4.666666666666666879e-02 2.000000000000000042e-02 0.000000000000000000e+00 8.666666666666666963e-02 0.000000000000000000e+00 1.333333333333333419e-02 3.333333333333333287e-02 1.400000000000000133e-01 0.000000000000000000e+00 6.666666666666667095e-03 6.666666666666667095e-03 4.333333333333333481e-01 0.000000000000000000e+00 4.666666666666666879e-02 6.666666666666666574e-02 0.000000000000000000e+00 1.000000000000000056e-01
0.000000000000000000e+00 0.000000000000000000e+00 0.000000000000000000e+00 0.000000000000000000e+00 0.000000000000000000e+00 0.000000000000000000e+00 0.000000000000000000e+00 0.000000000000000000e+00 4.347826086956521618e-02 0.000000000000000000e+00 0.000000000000000000e+00 0.000000000000000000e+00 0.000000000000000000e+00 2.826086956521738913e-01 2.173913043478260809e-02 0.000000000000000000e+00 0.000000000000000000e+00 0.000000000000000000e+00 2.173913043478260809e-02 0.000000000000000000e+00 6.304347826086956763e-01 0.000000000000000000e+00 0.000000000000000000e+00 0.000000000000000000e+00 0.000000000000000000e+00
0.000000000000000000e+00 0.000000000000000000e+00 0.000000000000000000e+00 0.000000000000000000e+00 0.000000000000000000e+00 0.000000000000000000e+00 0.000000000000000000e+00 0.000000000000000000e+00 7.042253521126760896e-02 0.000000000000000000e+00 0.000000000000000000e+00 1.408450704225352144e-02 0.000000000000000000e+00 4.225352112676056260e-02 9.859154929577464144e-02 1.549295774647887203e-01 0.000000000000000000e+00 0.000000000000000000e+00 1.408450704225352144e-02 0.000000000000000000e+00 2.816901408450704289e-02 4.084507042253521236e-01 9.859154929577464144e-02 0.000000000000000000e+00 7.042253521126760896e-02
0.000000000000000000e+00 0.000000000000000000e+00 0.000000000000000000e+00 0.000000000000000000e+00 0.000000000000000000e+00 0.000000000000000000e+00 0.000000000000000000e+00 0.000000000000000000e+00 3.333333333333333287e-02 0.000000000000000000e+00 0.000000000000000000e+00 0.000000000000000000e+00 1.666666666666666644e-02 1.333333333333333315e-01 6.666666666666666574e-02 2.000000000000000111e-01 0.000000000000000000e+00 0.000000000000000000e+00 0.000000000000000000e+00 1.666666666666666644e-02 1.333333333333333315e-01 3.333333333333333287e-02 3.499999999999999778e-01 0.000000000000000000e+00 1.666666666666666644e-02
0.000000000000000000e+00 0.000000000000000000e+00 0.000000000000000000e+00 0.000000000000000000e+00 0.000000000000000000e+00 0.000000000000000000e+00 0.000000000000000000e+00 0.000000000000000000e+00 2.380952380952380820e-02 0.000000000000000000e+00 0.000000000000000000e+00 2.380952380952380820e-02 0.000000000000000000e+00 0.000000000000000000e+00 4.761904761904761640e-02 2.857142857142856984e-01 0.000000000000000000e+00 0.000000000000000000e+00 0.000000000000000000e+00 1.190476190476190410e-02 0.000000000000000000e+00 1.071428571428571369e-01 2.380952380952380820e-02 3.571428571428571508e-01 1.190476190476190410e-01
0.000000000000000000e+00 0.000000000000000000e+00 0.000000000000000000e+00 0.000000000000000000e+00 0.000000000000000000e+00 0.000000000000000000e+00 0.000000000000000000e+00 0.000000000000000000e+00 0.000000000000000000e+00 0.000000000000000000e+00 0.000000000000000000e+00 0.000000000000000000e+00 0.000000000000000000e+00 0.000000000000000000e+00 0.000000000000000000e+00 0.000000000000000000e+00 3.249097472924187407e-02 2.334536702767749661e-01 5.174488567990372795e-02 0.000000000000000000e+00 2.406738868832731734e-03 0.000000000000000000e+00 0.000000000000000000e+00 0.000000000000000000e+00 6.799037304452466568e-01
0.000000000000000000e+00 0.000000000000000000e+00 0.000000000000000000e+00 0.000000000000000000e+00 0.000000000000000000e+00 0.000000000000000000e+00 0.000000000000000000e+00 0.000000000000000000e+00 0.000000000000000000e+00 0.000000000000000000e+00 0.000000000000000000e+00 0.000000000000000000e+00 0.000000000000000000e+00 0.000000000000000000e+00 0.000000000000000000e+00 0.000000000000000000e+00 4.308390022675737119e-02 2.267573696145124690e-02 5.895691609977324332e-02 1.927437641723356021e-01 0.000000000000000000e+00 2.947845804988662166e-02 1.814058956916099821e-02 0.000000000000000000e+00 6.349206349206348854e-01
0.000000000000000000e+00 0.000000000000000000e+00 0.000000000000000000e+00 0.000000000000000000e+00 0.000000000000000000e+00 0.000000000000000000e+00 0.000000000000000000e+00 0.000000000000000000e+00 0.000000000000000000e+00 0.000000000000000000e+00 0.000000000000000000e+00 0.000000000000000000e+00 0.000000000000000000e+00 0.000000000000000000e+00 0.000000000000000000e+00 0.000000000000000000e+00 1.948051948051948007e-02 0.000000000000000000e+00 7.142857142857142461e-02 2.402597402597402565e-01 3.246753246753246447e-02 3.246753246753246447e-02 0.000000000000000000e+00 0.000000000000000000e+00 6.038961038961039307e-01
0.000000000000000000e+00 0.000000000000000000e+00 0.000000000000000000e+00 0.000000000000000000e+00 0.000000000000000000e+00 0.000000000000000000e+00 0.000000000000000000e+00 0.000000000000000000e+00 0.000000000000000000e+00 0.000000000000000000e+00 0.000000000000000000e+00 0.000000000000000000e+00 0.000000000000000000e+00 0.000000000000000000e+00 0.000000000000000000e+00 0.000000000000000000e+00 1.395348837209302306e-02 0.000000000000000000e+00 4.651162790697674354e-03 9.767441860465116144e-02 0.000000000000000000e+00 4.651162790697674354e-03 3.255813953488372048e-02 1.488372093023255793e-01 6.976744186046511809e-01
0.000000000000000000e+00 0.000000000000000000e+00 0.000000000000000000e+00 0.000000000000000000e+00 0.000000000000000000e+00 0.000000000000000000e+00 0.000000000000000000e+00 0.000000000000000000e+00 0.000000000000000000e+00 0.000000000000000000e+00 0.000000000000000000e+00 0.000000000000000000e+00 0.000000000000000000e+00 0.000000000000000000e+00 0.000000000000000000e+00 0.000000000000000000e+00 1.408450704225352144e-02 0.000000000000000000e+00 0.000000000000000000e+00 0.000000000000000000e+00 2.816901408450704289e-02 2.816901408450704358e-01 2.816901408450704289e-02 0.000000000000000000e+00 6.478873239436619969e-01
0.000000000000000000e+00 0.000000000000000000e+00 0.000000000000000000e+00 0.000000000000000000e+00 0.000000000000000000e+00 0.000000000000000000e+00 0.000000000000000000e+00 0.000000000000000000e+00 0.000000000000000000e+00 0.000000000000000000e+00 0.000000000000000000e+00 0.000000000000000000e+00 0.000000000000000000e+00 0.000000000000000000e+00 0.000000000000000000e+00 0.000000000000000000e+00 1.869158878504672758e-02 0.000000000000000000e+00 0.000000000000000000e+00 2.803738317757009310e-02 0.000000000000000000e+00 6.542056074766354479e-02 4.672897196261682068e-02 2.056074766355140138e-01 6.355140186915887446e-01
0.000000000000000000e+00 0.000000000000000000e+00 0.000000000000000000e+00 0.000000000000000000e+00 0.000000000000000000e+00 0.000000000000000000e+00 0.000000000000000000e+00 0.000000000000000000e+00 0.000000000000000000e+00 0.000000000000000000e+00 0.000000000000000000e+00 0.000000000000000000e+00 0.000000000000000000e+00 0.000000000000000000e+00 0.000000000000000000e+00 0.000000000000000000e+00 1.333333333333333419e-02 0.000000000000000000e+00 1.333333333333333419e-02 0.000000000000000000e+00 2.666666666666666838e-02 4.000000000000000083e-02 8.000000000000000167e-02 2.000000000000000111e-01 6.266666666666667052e-01
0.000000000000000000e+00 0.000000000000000000e+00 0.000000000000000000e+00 0.000000000000000000e+00 0.000000000000000000e+00 0.000000000000000000e+00 0.000000000000000000e+00 0.000000000000000000e+00 0.000000000000000000e+00 0.000000000000000000e+00 0.000000000000000000e+00 0.000000000000000000e+00 0.000000000000000000e+00 0.000000000000000000e+00 0.000000000000000000e+00 0.000000000000000000e+00 5.555555555555555247e-02 0.000000000000000000e+00 0.000000000000000000e+00 1.587301587301587213e-02 0.000000000000000000e+00 7.936507936507936067e-03 4.761904761904761640e-02 2.380952380952380820e-01 6.349206349206348854e-01
0.000000000000000000e+00 0.000000000000000000e+00 0.000000000000000000e+00 0.000000000000000000e+00 0.000000000000000000e+00 0.000000000000000000e+00 0.000000000000000000e+00 0.000000000000000000e+00 0.000000000000000000e+00 0.000000000000000000e+00 0.000000000000000000e+00 0.000000000000000000e+00 0.000000000000000000e+00 0.000000000000000000e+00 0.000000000000000000e+00 0.000000000000000000e+00 0.000000000000000000e+00 0.000000000000000000e+00 0.000000000000000000e+00 0.000000000000000000e+00 0.000000000000000000e+00 0.000000000000000000e+00 0.000000000000000000e+00 0.000000000000000000e+00 1.000000000000000000e+00
