2.911306702775897162e-02 2.362897765741367728e-01 3.520649966147596649e-02 0.000000000000000000e+00 7.447528774542992377e-03 0.000000000000000000e+00 0.000000000000000000e+00 0.000000000000000000e+00 6.919431279620853470e-01 0.000000000000000000e+00 0.000000000000000000e+00 0.000000000000000000e+00 0.000000000000000000e+00 0.000000000000000000e+00 0.000000000000000000e+00 0.000000000000000000e+00 0.000000000000000000e+00 0.000000000000000000e+00 0.000000000000000000e+00 0.000000000000000000e+00 0.000000000000000000e+00 0.000000000000000000e+00 0.000000000000000000e+00 0.000000000000000000e+00 0.000000000000000000e+00
3.142857142857143071e-02 2.857142857142857140e-03 5.999999999999999778e-02 2.171428571428571375e-01 2.857142857142857140e-03 4.571428571428571425e-02 2.285714285714285712e-02 0.000000000000000000e+00 1.428571428571428527e-02 4.657142857142856918e-01 4.857142857142857095e-02 0.000000000000000000e+00 0.000000000000000000e+00 0.000000000000000000e+00 0.000000000000000000e+00 0.000000000000000000e+00 8.571428571428571855e-03 8.000000000000000167e-02 0.000000000000000000e+00 0.000000000000000000e+00 0.000000000000000000e+00 0.000000000000000000e+00 0.000000000000000000e+00 0.000000000000000000e+00 0.000000000000000000e+00
0.000000000000000000e+00 1.098901098901098987e-02 4.395604395604395948e-02 1.208791208791208799e-01 1.098901098901098987e-02 7.692307692307692735e-02 0.000000000000000000e+00 0.000000000000000000e+00 0.000000000000000000e+00 1.098901098901098987e-02 4.395604395604395531e-01 0.000000000000000000e+00 2.747252747252747485e-01 0.000000000000000000e+00 0.000000000000000000e+00 0.000000000000000000e+00 1.098901098901098987e-02 0.000000000000000000e+00 0.000000000000000000e+00 0.000000000000000000e+00 0.000000000000000000e+00 0.000000000000000000e+00 0.000000000000000000e+00 0.000000000000000000e+00 0.000000000000000000e+00
2.020202020202020374e-02 0.000000000000000000e+00 0.000000000000000000e+00 8.080808080808081495e-02 0.000000000000000000e+00 2.020202020202020374e-02 3.030303030303030387e-02 1.818181818181818232e-01 0.000000000000000000e+00 1.010101010101010187e-02 0.000000000000000000e+00 3.636363636363636465e-01 0.000000000000000000e+00 1.616161616161616299e-01 7.070707070707070441e-02 1.010101010101010187e-02 0.000000000000000000e+00 1.010101010101010187e-02 1.010101010101010187e-02 2.020202020202020374e-02 0.000000000000000000e+00 1.010101010101010187e-02 0.000000000000000000e+00 0.000000000000000000e+00 0.000000000000000000e+00
0.000000000000000000e+00 0.000000000000000000e+00 0.000000000000000000e+00 0.000000000000000000e+00 7.142857142857142461e-02 7.142857142857142461e-02 0.000000000000000000e+00 0.000000000000000000e+00 0.000000000000000000e+00 0.000000000000000000e+00 0.000000000000000000e+00 0.000000000000000000e+00 8.571428571428570953e-01 0.000000000000000000e+00 0.000000000000000000e+00 0.000000000000000000e+00 0.000000000000000000e+00 0.000000000000000000e+00 0.000000000000000000e+00 0.000000000000000000e+00 0.000000000000000000e+00 0.000000000000000000e+00 0.000000000000000000e+00 0.000000000000000000e+00 0.000000000000000000e+00
0.000000000000000000e+00 0.000000000000000000e+00 0.000000000000000000e+00 1.153846153846153910e-01 0.000000000000000000e+00 0.000000000000000000e+00 3.846153846153846367e-02 7.692307692307692735e-02 0.000000000000000000e+00 0.000000000000000000e+00 0.000000000000000000e+00 0.000000000000000000e+00 0.000000000000000000e+00 6.538461538461538547e-01 3.846153846153846367e-02 0.000000000000000000e+00 0.000000000000000000e+00 0.000000000000000000e+00 0.000000000000000000e+00 0.000000000000000000e+00 0.000000000000000000e+00 7.692307692307692735e-02 0.000000000000000000e+00 0.000000000000000000e+00 0.000000000000000000e+00
0.000000000000000000e+00 0.000000000000000000e+00 0.000000000000000000e+00 0.000000000000000000e+00 0.000000000000000000e+00 1.333333333333333315e-01 0.000000000000000000e+00 6.666666666666666574e-02 0.000000000000000000e+00 0.000000000000000000e+00 0.000000000000000000e+00 0.000000000000000000e+00 2.000000000000000111e-01 0.000000000000000000e+00 5.999999999999999778e-01 0.000000000000000000e+00 0.000000000000000000e+00 0.000000000000000000e+00 0.000000000000000000e+00 0.000000000000000000e+00 0.000000000000000000e+00 0.000000000000000000e+00 0.000000000000000000e+00 0.000000000000000000e+00 0.000000000000000000e+00
6.250000000000000000e-02 0.000000000000000000e+00 0.000000000000000000e+00 0.000000000000000000e+00 0.000000000000000000e+00 0.000000000000000000e+00 9.375000000000000000e-02 3.125000000000000000e-01 0.000000000000000000e+00 0.000000000000000000e+00 0.000000000000000000e+00 0.000000000000000000e+00 0.000000000000000000e+00 9.375000000000000000e-02 0.000000000000000000e+00 4.375000000000000000e-01 0.000000000000000000e+00 0.000000000000000000e+00 0.000000000000000000e+00 0.000000000000000000e+00 0.000000000000000000e+00 0.000000000000000000e+00 0.000000000000000000e+00 0.000000000000000000e+00 0.000000000000000000e+00
0.000000000000000000e+00 0.000000000000000000e+00 0.000000000000000000e+00 0.000000000000000000e+00 0.000000000000000000e+00 0.000000000000000000e+00 0.000000000000000000e+00 0.000000000000000000e+00 2.506963788300835619e-02 2.284122562674094636e-01 4.271123491179201759e-02 0.000000000000000000e+00 8.356545961002785974e-03 0.000000000000000000e+00 0.000000000000000000e+00 0.000000000000000000e+00 6.954503249767873818e-01 0.000000000000000000e+00 0.000000000000000000e+00 0.000000000000000000e+00 0.000000000000000000e+00 0.000000000000000000e+00 0.000000000000000000e+00 0.000000000000000000e+00 0.000000000000000000e+00
0.000000000000000000e+00 0.000000000000000000e+00 0.000000000000000000e+00 0.000000000000000000e+00 0.000000000000000000e+00 0.000000000000000000e+00 0.000000000000000000e+00 0.000000000000000000e+00 2.427184466019417439e-02 0.000000000000000000e+00 8.980582524271844835e-02 1.674757281553398147e-01 0.000000000000000000e+00 5.825242718446602130e-02 3.155339805825242705e-02 0.000000000000000000e+00 2.427184466019417439e-02 4.490291262135922556e-01 5.097087378640776517e-02 0.000000000000000000e+00 4.854368932038834530e-03 0.000000000000000000e+00 0.000000000000000000e+00 0.000000000000000000e+00 9.951456310679611394e-02
0.000000000000000000e+00 0.000000000000000000e+00 0.000000000000000000e+00 0.000000000000000000e+00 0.000000000000000000e+00 0.000000000000000000e+00 0.000000000000000000e+00 0.000000000000000000e+00 2.027027027027027140e-02 0.000000000000000000e+00 6.081081081081081419e-02 2.162162162162162282e-01 4.054054054054054279e-02 4.054054054054054279e-02 6.756756756756757132e-03 0.000000000000000000e+00 1.351351351351351426e-02 6.756756756756757132e-03 4.729729729729729715e-01 0.000000000000000000e+00 1.216216216216216284e-01 0.000000000000000000e+00 0.000000000000000000e+00 0.000000000000000000e+00 0.000000000000000000e+00
0.000000000000000000e+00 0.000000000000000000e+00 0.000000000000000000e+00 0.000000000000000000e+00 0.000000000000000000e+00 0.000000000000000000e+00 0.000000000000000000e+00 0.000000000000000000e+00 1.219512195121951262e-02 6.097560975609756309e-03 0.000000000000000000e+00 7.926829268292683028e-02 0.000000000000000000e+00 2.439024390243902524e-02 4.878048780487805047e-02 1.524390243902438991e-01 0.000000000000000000e+00 6.097560975609756309e-03 6.097560975609756309e-03 4.512195121951219634e-01 0.000000000000000000e+00 1.036585365853658486e-01 3.048780487804877981e-02 0.000000000000000000e+00 7.926829268292683028e-02
0.000000000000000000e+00 0.000000000000000000e+00 0.000000000000000000e+00 0.000000000000000000e+00 0.000000000000000000e+00 0.000000000000000000e+00 0.000000000000000000e+00 0.000000000000000000e+00 3.773584905660377214e-02 0.000000000000000000e+00 0.000000000000000000e+00 0.000000000000000000e+00 1.886792452830188607e-02 3.962264150943396457e-01 7.547169811320754429e-02 0.000000000000000000e+00 0.000000000000000000e+00 1.886792452830188607e-02 3.773584905660377214e-02 0.000000000000000000e+00 3.962264150943396457e-01 0.000000000000000000e+00 0.000000000000000000e+00 0.000000000000000000e+00 1.886792452830188607e-02
0.000000000000000000e+00 0.000000000000000000e+00 0.000000000000000000e+00 0.000000000000000000e+00 0.000000000000000000e+00 0.000000000000000000e+00 0.000000000000000000e+00 0.000000000000000000e+00 0.000000000000000000e+00 0.000000000000000000e+00 0.000000000000000000e+00 1.057692307692307682e-01 0.000000000000000000e+00 7.692307692307692735e-02 5.769230769230769551e-02 1.923076923076923184e-01 0.000000000000000000e+00 0.000000000000000000e+00 0.000000000000000000e+00 1.923076923076923184e-02 9.615384615384615918e-03 3.846153846153846367e-01 3.846153846153846367e-02 0.000000000000000000e+00 1.153846153846153910e-01
0.000000000000000000e+00 0.000000000000000000e+00 0.000000000000000000e+00 0.000000000000000000e+00 0.000000000000000000e+00 0.000000000000000000e+00 0.000000000000000000e+00 0.000000000000000000e+00 5.172413793103448204e-02 0.000000000000000000e+00 0.000000000000000000e+00 0.000000000000000000e+00 1.724137931034482735e-02 1.034482758620689641e-01 1.724137931034482735e-02 2.068965517241379282e-01 0.000000000000000000e+00 0.000000000000000000e+00 1.724137931034482735e-02 0.000000000000000000e+00 8.620689655172414367e-02 1.724137931034482735e-02 4.827586206896551935e-01 0.000000000000000000e+00 0.000000000000000000e+00
0.000000000000000000e+00 0.000000000000000000e+00 0.000000000000000000e+00 0.000000000000000000e+00 0.000000000000000000e+00 0.000000000000000000e+00 0.000000000000000000e+00 0.000000000000000000e+00 3.225806451612903136e-02 0.000000000000000000e+00 0.000000000000000000e+00 3.225806451612903136e-02 0.000000000000000000e+00 0.000000000000000000e+00 4.301075268817204644e-02 2.150537634408602183e-01 0.000000000000000000e+00 0.000000000000000000e+00 0.000000000000000000e+00 1.075268817204301161e-02 0.000000000000000000e+00 6.451612903225806273e-02 6.451612903225806273e-02 4.301075268817204367e-01 1.075268817204301092e-01
0.000000000000000000e+00 0.000000000000000000e+00 0.000000000000000000e+00 0.000000000000000000e+00 0.000000000000000000e+00 0.000000000000000000e+00 0.000000000000000000e+00 0.000000000000000000e+00 0.000000000000000000e+00 0.000000000000000000e+00 0.000000000000000000e+00 0.000000000000000000e+00 0.000000000000000000e+00 0.000000000000000000e+00 0.000000000000000000e+00 0.000000000000000000e+00 1.645569620253164653e-02 2.354430379746835500e-01 4.303797468354430417e-02 0.000000000000000000e+00 6.329113924050632813e-03 0.000000000000000000e+00 0.000000000000000000e+00 0.000000000000000000e+00 6.987341772151898223e-01
0.000000000000000000e+00 0.000000000000000000e+00 0.000000000000000000e+00 0.000000000000000000e+00 0.000000000000000000e+00 0.000000000000000000e+00 0.000000000000000000e+00 0.000000000000000000e+00 0.000000000000000000e+00 0.000000000000000000e+00 0.000000000000000000e+00 0.000000000000000000e+00 0.000000000000000000e+00 0.000000000000000000e+00 0.000000000000000000e+00 0.000000000000000000e+00 2.415458937198067604e-02 1.932367149758454014e-02 9.661835748792270417e-02 1.618357487922705285e-01 7.246376811594202987e-03 4.830917874396135209e-02 7.246376811594202987e-03 0.000000000000000000e+00 6.352657004830918330e-01
0.000000000000000000e+00 0.000000000000000000e+00 0.000000000000000000e+00 0.000000000000000000e+00 0.000000000000000000e+00 0.000000000000000000e+00 0.000000000000000000e+00 0.000000000000000000e+00 0.000000000000000000e+00 0.000000000000000000e+00 0.000000000000000000e+00 0.000000000000000000e+00 0.000000000000000000e+00 0.000000000000000000e+00 0.000000000000000000e+00 0.000000000000000000e+00 1.724137931034482735e-02 0.000000000000000000e+00 2.873563218390804558e-02 2.701149425287356354e-01 1.724137931034482735e-02 1.724137931034482735e-02 0.000000000000000000e+00 0.000000000000000000e+00 6.494252873563218786e-01
0.000000000000000000e+00 0.000000000000000000e+00 0.000000000000000000e+00 0.000000000000000000e+00 0.000000000000000000e+00 0.000000000000000000e+00 0.000000000000000000e+00 0.000000000000000000e+00 0.000000000000000000e+00 0.000000000000000000e+00 0.000000000000000000e+00 0.000000000000000000e+00 0.000000000000000000e+00 0.000000000000000000e+00 0.000000000000000000e+00 0.000000000000000000e+00 0.000000000000000000e+00 1.327433628318584052e-02 8.849557522123893682e-03 1.061946902654867242e-01 4.424778761061946841e-03 1.769911504424778736e-02 3.539823008849557473e-02 1.283185840707964653e-01 6.858407079646017257e-01
0.000000000000000000e+00 0.000000000000000000e+00 0.000000000000000000e+00 0.000000000000000000e+00 0.000000000000000000e+00 0.000000000000000000e+00 0.000000000000000000e+00 0.000000000000000000e+00 0.000000000000000000e+00 0.000000000000000000e+00 0.000000000000000000e+00 0.000000000000000000e+00 0.000000000000000000e+00 0.000000000000000000e+00 0.000000000000000000e+00 0.000000000000000000e+00 1.666666666666666644e-02 0.000000000000000000e+00 0.000000000000000000e+00 0.000000000000000000e+00 1.666666666666666644e-02 2.166666666666666741e-01 8.333333333333332871e-02 0.000000000000000000e+00 6.666666666666666297e-01
0.000000000000000000e+00 0.000000000000000000e+00 0.000000000000000000e+00 0.000000000000000000e+00 0.000000000000000000e+00 0.000000000000000000e+00 0.000000000000000000e+00 0.000000000000000000e+00 0.000000000000000000e+00 0.000000000000000000e+00 0.000000000000000000e+00 0.000000000000000000e+00 0.000000000000000000e+00 0.000000000000000000e+00 0.000000000000000000e+00 0.000000000000000000e+00 8.403361344537814762e-03 0.000000000000000000e+00 0.000000000000000000e+00 7.563025210084033112e-02 0.000000000000000000e+00 1.008403361344537841e-01 5.882352941176470507e-02 1.344537815126050362e-01 6.218487394957983305e-01
0.000000000000000000e+00 0.000000000000000000e+00 0.000000000000000000e+00 0.000000000000000000e+00 0.000000000000000000e+00 0.000000000000000000e+00 0.000000000000000000e+00 0.000000000000000000e+00 0.000000000000000000e+00 0.000000000000000000e+00 0.000000000000000000e+00 0.000000000000000000e+00 0.000000000000000000e+00 0.000000000000000000e+00 0.000000000000000000e+00 0.000000000000000000e+00 1.315789473684210453e-02 0.000000000000000000e+00 0.000000000000000000e+00 0.000000000000000000e+00 0.000000000000000000e+00 2.631578947368420907e-02 6.578947368421052266e-02 2.894736842105263275e-01 6.052631578947368363e-01
0.000000000000000000e+00 0.000000000000000000e+00 0.000000000000000000e+00 0.000000000000000000e+00 0.000000000000000000e+00 0.000000000000000000e+00 0.000000000000000000e+00 0.000000000000000000e+00 0.000000000000000000e+00 0.000000000000000000e+00 0.000000000000000000e+00 0.000000000000000000e+00 0.000000000000000000e+00 0.000000000000000000e+00 0.000000000000000000e+00 0.000000000000000000e+00 7.042253521126760722e-03 0.000000000000000000e+00 0.000000000000000000e+00 1.408450704225352144e-02 0.000000000000000000e+00 0.000000000000000000e+00 3.521126760563380448e-02 2.535211267605633756e-01 6.901408450704225039e-01
0.000000000000000000e+00 0.000000000000000000e+00 0.000000000000000000e+00 0.000000000000000000e+00 0.000000000000000000e+00 0.000000000000000000e+00 0.000000000000000000e+00 0.000000000000000000e+00 0.000000000000000000e+00 0.000000000000000000e+00 0.000000000000000000e+00 0.000000000000000000e+00 0.000000000000000000e+00 0.000000000000000000e+00 0.000000000000000000e+00 0.000000000000000000e+00 0.000000000000000000e+00 0.000000000000000000e+00 0.000000000000000000e+00 0.000000000000000000e+00 0.000000000000000000e+00 0.000000000000000000e+00 0.000000000000000000e+00 0.000000000000000000e+00 1.000000000000000000e+00
