3.716216216216216423e-02 2.405405405405405539e-01 4.797297297297297564e-02 0.000000000000000000e+00 4.729729729729729992e-03 0.000000000000000000e+00 0.000000000000000000e+00 0.000000000000000000e+00 6.695945945945945832e-01 0.000000000000000000e+00 0.000000000000000000e+00 0.000000000000000000e+00 0.000000000000000000e+00 0.000000000000000000e+00 0.000000000000000000e+00 0.000000000000000000e+00 0.000000000000000000e+00 0.000000000000000000e+00 0.000000000000000000e+00 0.000000000000000000e+00 0.000000000000000000e+00 0.000000000000000000e+00 0.000000000000000000e+00 0.000000000000000000e+00 0.000000000000000000e+00
3.641456582633053468e-02 0.000000000000000000e+00 6.442577030812324246e-02 2.072829131652661194e-01 2.801120448179271732e-03 4.481792717086834771e-02 4.201680672268907901e-02 0.000000000000000000e+00 1.120448179271708693e-02 4.537815126050420145e-01 5.042016806722689204e-02 0.000000000000000000e+00 0.000000000000000000e+00 0.000000000000000000e+00 2.801120448179271732e-03 0.000000000000000000e+00 1.120448179271708693e-02 7.282913165266106936e-02 0.000000000000000000e+00 0.000000000000000000e+00 0.000000000000000000e+00 0.000000000000000000e+00 0.000000000000000000e+00 0.000000000000000000e+00 0.000000000000000000e+00
0.000000000000000000e+00 0.000000000000000000e+00 3.478260869565217434e-02 1.565217391304347949e-01 6.086956521739130682e-02 9.565217391304348116e-02 8.695652173913043584e-03 0.000000000000000000e+00 0.000000000000000000e+00 1.739130434782608717e-02 3.913043478260869734e-01 0.000000000000000000e+00 2.000000000000000111e-01 0.000000000000000000e+00 0.000000000000000000e+00 0.000000000000000000e+00 3.478260869565217434e-02 0.000000000000000000e+00 0.000000000000000000e+00 0.000000000000000000e+00 0.000000000000000000e+00 0.000000000000000000e+00 0.000000000000000000e+00 0.000000000000000000e+00 0.000000000000000000e+00
3.921568627450980338e-02 0.000000000000000000e+00 0.000000000000000000e+00 9.803921568627450844e-02 0.000000000000000000e+00 2.941176470588235253e-02 6.862745098039216285e-02 2.156862745098039325e-01 0.000000000000000000e+00 0.000000000000000000e+00 0.000000000000000000e+00 3.529411764705882582e-01 0.000000000000000000e+00 1.274509803921568540e-01 3.921568627450980338e-02 0.000000000000000000e+00 0.000000000000000000e+00 0.000000000000000000e+00 9.803921568627450844e-03 9.803921568627450844e-03 0.000000000000000000e+00 9.803921568627450844e-03 0.000000000000000000e+00 0.000000000000000000e+00 0.000000000000000000e+00
6.666666666666666574e-02 0.000000000000000000e+00 0.000000000000000000e+00 0.000000000000000000e+00 0.000000000000000000e+00 3.333333333333333148e-01 0.000000000000000000e+00 0.000000000000000000e+00 6.666666666666666574e-02 0.000000000000000000e+00 0.000000000000000000e+00 0.000000000000000000e+00 5.333333333333333259e-01 0.000000000000000000e+00 0.000000000000000000e+00 0.000000000000000000e+00 0.000000000000000000e+00 0.000000000000000000e+00 0.000000000000000000e+00 0.000000000000000000e+00 0.000000000000000000e+00 0.000000000000000000e+00 0.000000000000000000e+00 0.000000000000000000e+00 0.000000000000000000e+00
2.941176470588235253e-02 0.000000000000000000e+00 0.000000000000000000e+00 2.941176470588235253e-02 0.000000000000000000e+00 5.882352941176470507e-02 1.176470588235294101e-01 3.529411764705882582e-01 0.000000000000000000e+00 0.000000000000000000e+00 0.000000000000000000e+00 0.000000000000000000e+00 0.000000000000000000e+00 3.529411764705882582e-01 5.882352941176470507e-02 0.000000000000000000e+00 0.000000000000000000e+00 0.000000000000000000e+00 0.000000000000000000e+00 0.000000000000000000e+00 0.000000000000000000e+00 0.000000000000000000e+00 0.000000000000000000e+00 0.000000000000000000e+00 0.000000000000000000e+00
2.702702702702702853e-02 2.702702702702702853e-02 0.000000000000000000e+00 0.000000000000000000e+00 0.000000000000000000e+00 0.000000000000000000e+00 1.081081081081081141e-01 2.972972972972973138e-01 0.000000000000000000e+00 0.000000000000000000e+00 0.000000000000000000e+00 0.000000000000000000e+00 1.081081081081081141e-01 0.000000000000000000e+00 4.324324324324324564e-01 0.000000000000000000e+00 0.000000000000000000e+00 0.000000000000000000e+00 0.000000000000000000e+00 0.000000000000000000e+00 0.000000000000000000e+00 0.000000000000000000e+00 0.000000000000000000e+00 0.000000000000000000e+00 0.000000000000000000e+00
0.000000000000000000e+00 0.000000000000000000e+00 0.000000000000000000e+00 0.000000000000000000e+00 0.000000000000000000e+00 0.000000000000000000e+00 8.955223880597014408e-02 2.985074626865671377e-01 0.000000000000000000e+00 0.000000000000000000e+00 0.000000000000000000e+00 0.000000000000000000e+00 0.000000000000000000e+00 5.970149253731343170e-02 2.985074626865671585e-02 4.179104477611940149e-01 0.000000000000000000e+00 0.000000000000000000e+00 0.000000000000000000e+00 0.000000000000000000e+00 0.000000000000000000e+00 8.955223880597014408e-02 1.492537313432835792e-02 0.000000000000000000e+00 0.000000000000000000e+00
0.000000000000000000e+00 0.000000000000000000e+00 0.000000000000000000e+00 0.000000000000000000e+00 0.000000000000000000e+00 0.000000000000000000e+00 0.000000000000000000e+00 0.000000000000000000e+00 3.838951310861422883e-02 2.162921348314606751e-01 5.056179775280898736e-02 0.000000000000000000e+00 3.745318352059925134e-03 0.000000000000000000e+00 0.000000000000000000e+00 0.000000000000000000e+00 6.910112359550562022e-01 0.000000000000000000e+00 0.000000000000000000e+00 0.000000000000000000e+00 0.000000000000000000e+00 0.000000000000000000e+00 0.000000000000000000e+00 0.000000000000000000e+00 0.000000000000000000e+00
0.000000000000000000e+00 0.000000000000000000e+00 0.000000000000000000e+00 0.000000000000000000e+00 0.000000000000000000e+00 0.000000000000000000e+00 0.000000000000000000e+00 0.000000000000000000e+00 3.544303797468354583e-02 0.000000000000000000e+00 1.012658227848101250e-01 1.974683544303797444e-01 7.594936708860759202e-03 4.556962025316455694e-02 4.050632911392405139e-02 0.000000000000000000e+00 2.025316455696202569e-02 4.278481012658227889e-01 5.063291139240506250e-02 0.000000000000000000e+00 0.000000000000000000e+00 0.000000000000000000e+00 0.000000000000000000e+00 0.000000000000000000e+00 7.341772151898734444e-02
0.000000000000000000e+00 0.000000000000000000e+00 0.000000000000000000e+00 0.000000000000000000e+00 0.000000000000000000e+00 0.000000000000000000e+00 0.000000000000000000e+00 0.000000000000000000e+00 2.976190476190476025e-02 0.000000000000000000e+00 5.952380952380952051e-02 2.083333333333333426e-01 3.571428571428571230e-02 7.142857142857142461e-02 5.952380952380952051e-03 0.000000000000000000e+00 0.000000000000000000e+00 1.785714285714285615e-02 4.404761904761904656e-01 0.000000000000000000e+00 1.309523809523809590e-01 0.000000000000000000e+00 0.000000000000000000e+00 0.000000000000000000e+00 0.000000000000000000e+00
0.000000000000000000e+00 0.000000000000000000e+00 0.000000000000000000e+00 0.000000000000000000e+00 0.000000000000000000e+00 0.000000000000000000e+00 0.000000000000000000e+00 0.000000000000000000e+00 2.906976744186046471e-02 0.000000000000000000e+00 0.000000000000000000e+00 1.046511627906976799e-01 0.000000000000000000e+00 2.906976744186046471e-02 3.488372093023255766e-02 1.453488372093023340e-01 5.813953488372092943e-03 5.813953488372092943e-03 0.000000000000000000e+00 4.534883720930232287e-01 0.000000000000000000e+00 9.883720930232557655e-02 1.162790697674418589e-02 0.000000000000000000e+00 8.139534883720930813e-02
0.000000000000000000e+00 0.000000000000000000e+00 0.000000000000000000e+00 0.000000000000000000e+00 0.000000000000000000e+00 0.000000000000000000e+00 0.000000000000000000e+00 0.000000000000000000e+00 2.272727272727272790e-02 0.000000000000000000e+00 0.000000000000000000e+00 0.000000000000000000e+00 0.000000000000000000e+00 2.954545454545454697e-01 4.545454545454545581e-02 0.000000000000000000e+00 0.000000000000000000e+00 2.272727272727272790e-02 0.000000000000000000e+00 0.000000000000000000e+00 6.136363636363636465e-01 0.000000000000000000e+00 0.000000000000000000e+00 0.000000000000000000e+00 0.000000000000000000e+00
0.000000000000000000e+00 0.000000000000000000e+00 0.000000000000000000e+00 0.000000000000000000e+00 0.000000000000000000e+00 0.000000000000000000e+00 0.000000000000000000e+00 0.000000000000000000e+00 3.333333333333333287e-02 0.000000000000000000e+00 0.000000000000000000e+00 3.333333333333333287e-02 0.000000000000000000e+00 4.444444444444444614e-02 8.888888888888889228e-02 2.666666666666666630e-01 0.000000000000000000e+00 1.111111111111111154e-02 0.000000000000000000e+00 1.111111111111111154e-02 0.000000000000000000e+00 3.888888888888888951e-01 4.444444444444444614e-02 0.000000000000000000e+00 7.777777777777777901e-02
0.000000000000000000e+00 0.000000000000000000e+00 0.000000000000000000e+00 0.000000000000000000e+00 0.000000000000000000e+00 0.000000000000000000e+00 0.000000000000000000e+00 0.000000000000000000e+00 3.947368421052631360e-02 0.000000000000000000e+00 1.315789473684210453e-02 0.000000000000000000e+00 1.315789473684210453e-02 1.184210526315789408e-01 9.210526315789473173e-02 2.236842105263157909e-01 0.000000000000000000e+00 0.000000000000000000e+00 0.000000000000000000e+00 1.315789473684210453e-02 9.210526315789473173e-02 1.315789473684210453e-02 3.289473684210526550e-01 0.000000000000000000e+00 5.263157894736841813e-02
0.000000000000000000e+00 0.000000000000000000e+00 0.000000000000000000e+00 0.000000000000000000e+00 0.000000000000000000e+00 0.000000000000000000e+00 0.000000000000000000e+00 0.000000000000000000e+00 0.000000000000000000e+00 0.000000000000000000e+00 0.000000000000000000e+00 1.680672268907562952e-02 0.000000000000000000e+00 8.403361344537814762e-03 5.042016806722689204e-02 2.016806722689075682e-01 0.000000000000000000e+00 0.000000000000000000e+00 0.000000000000000000e+00 0.000000000000000000e+00 0.000000000000000000e+00 6.722689075630251809e-02 5.042016806722689204e-02 5.042016806722688926e-01 1.008403361344537841e-01
0.000000000000000000e+00 0.000000000000000000e+00 0.000000000000000000e+00 0.000000000000000000e+00 0.000000000000000000e+00 0.000000000000000000e+00 0.000000000000000000e+00 0.000000000000000000e+00 0.000000000000000000e+00 0.000000000000000000e+00 0.000000000000000000e+00 0.000000000000000000e+00 0.000000000000000000e+00 0.000000000000000000e+00 0.000000000000000000e+00 0.000000000000000000e+00 4.166666666666666435e-02 2.463235294117647189e-01 4.779411764705882026e-02 0.000000000000000000e+00 1.348039215686274578e-02 0.000000000000000000e+00 0.000000000000000000e+00 0.000000000000000000e+00 6.507352941176470784e-01
0.000000000000000000e+00 0.000000000000000000e+00 0.000000000000000000e+00 0.000000000000000000e+00 0.000000000000000000e+00 0.000000000000000000e+00 0.000000000000000000e+00 0.000000000000000000e+00 0.000000000000000000e+00 0.000000000000000000e+00 0.000000000000000000e+00 0.000000000000000000e+00 0.000000000000000000e+00 0.000000000000000000e+00 0.000000000000000000e+00 0.000000000000000000e+00 2.168674698795180697e-02 2.409638554216867595e-02 7.710843373493976582e-02 1.710843373493975972e-01 2.409638554216867682e-03 3.855421686746988291e-02 1.204819277108433798e-02 0.000000000000000000e+00 6.530120481927710330e-01
0.000000000000000000e+00 0.000000000000000000e+00 0.000000000000000000e+00 0.000000000000000000e+00 0.000000000000000000e+00 0.000000000000000000e+00 0.000000000000000000e+00 0.000000000000000000e+00 0.000000000000000000e+00 0.000000000000000000e+00 0.000000000000000000e+00 0.000000000000000000e+00 0.000000000000000000e+00 0.000000000000000000e+00 0.000000000000000000e+00 0.000000000000000000e+00 2.958579881656804578e-02 0.000000000000000000e+00 3.550295857988165771e-02 2.485207100591715901e-01 2.958579881656804578e-02 2.366863905325443732e-02 5.917159763313609329e-03 0.000000000000000000e+00 6.272189349112425871e-01
0.000000000000000000e+00 0.000000000000000000e+00 0.000000000000000000e+00 0.000000000000000000e+00 0.000000000000000000e+00 0.000000000000000000e+00 0.000000000000000000e+00 0.000000000000000000e+00 0.000000000000000000e+00 0.000000000000000000e+00 0.000000000000000000e+00 0.000000000000000000e+00 0.000000000000000000e+00 0.000000000000000000e+00 0.000000000000000000e+00 0.000000000000000000e+00 3.846153846153846367e-02 1.709401709401709574e-02 8.547008547008547868e-03 1.239316239316239354e-01 4.273504273504273934e-03 4.273504273504273934e-03 6.410256410256409687e-02 1.282051282051281937e-01 6.111111111111111605e-01
0.000000000000000000e+00 0.000000000000000000e+00 0.000000000000000000e+00 0.000000000000000000e+00 0.000000000000000000e+00 0.000000000000000000e+00 0.000000000000000000e+00 0.000000000000000000e+00 0.000000000000000000e+00 0.000000000000000000e+00 0.000000000000000000e+00 0.000000000000000000e+00 0.000000000000000000e+00 0.000000000000000000e+00 0.000000000000000000e+00 0.000000000000000000e+00 5.479452054794520244e-02 0.000000000000000000e+00 0.000000000000000000e+00 0.000000000000000000e+00 4.109589041095890183e-02 3.287671232876712146e-01 8.219178082191780366e-02 0.000000000000000000e+00 4.931506849315068219e-01
0.000000000000000000e+00 0.000000000000000000e+00 0.000000000000000000e+00 0.000000000000000000e+00 0.000000000000000000e+00 0.000000000000000000e+00 0.000000000000000000e+00 0.000000000000000000e+00 0.000000000000000000e+00 0.000000000000000000e+00 0.000000000000000000e+00 0.000000000000000000e+00 0.000000000000000000e+00 0.000000000000000000e+00 0.000000000000000000e+00 0.000000000000000000e+00 1.652892561983471120e-02 0.000000000000000000e+00 0.000000000000000000e+00 5.785123966942148921e-02 0.000000000000000000e+00 6.611570247933884481e-02 1.652892561983471120e-02 2.148760330578512456e-01 6.280991735537190257e-01
0.000000000000000000e+00 0.000000000000000000e+00 0.000000000000000000e+00 0.000000000000000000e+00 0.000000000000000000e+00 0.000000000000000000e+00 0.000000000000000000e+00 0.000000000000000000e+00 0.000000000000000000e+00 0.000000000000000000e+00 0.000000000000000000e+00 0.000000000000000000e+00 0.000000000000000000e+00 0.000000000000000000e+00 0.000000000000000000e+00 0.000000000000000000e+00 1.204819277108433798e-02 0.000000000000000000e+00 0.000000000000000000e+00 0.000000000000000000e+00 0.000000000000000000e+00 1.204819277108433798e-02 7.228915662650602092e-02 2.530120481927710663e-01 6.506024096385542022e-01
0.000000000000000000e+00 0.000000000000000000e+00 0.000000000000000000e+00 0.000000000000000000e+00 0.000000000000000000e+00 0.000000000000000000e+00 0.000000000000000000e+00 0.000000000000000000e+00 0.000000000000000000e+00 0.000000000000000000e+00 0.000000000000000000e+00 0.000000000000000000e+00 0.000000000000000000e+00 0.000000000000000000e+00 0.000000000000000000e+00 0.000000000000000000e+00 1.648351648351648394e-02 0.000000000000000000e+00 0.000000000000000000e+00 2.747252747252747207e-02 0.000000000000000000e+00 5.494505494505494934e-03 4.395604395604395948e-02 2.527472527472527375e-01 6.538461538461538547e-01
0.000000000000000000e+00 0.000000000000000000e+00 0.000000000000000000e+00 0.000000000000000000e+00 0.000000000000000000e+00 0.000000000000000000e+00 0.000000000000000000e+00 0.000000000000000000e+00 0.000000000000000000e+00 0.000000000000000000e+00 0.000000000000000000e+00 0.000000000000000000e+00 0.000000000000000000e+00 0.000000000000000000e+00 0.000000000000000000e+00 0.000000000000000000e+00 0.000000000000000000e+00 0.000000000000000000e+00 0.000000000000000000e+00 0.000000000000000000e+00 0.000000000000000000e+00 0.000000000000000000e+00 0.000000000000000000e+00 0.000000000000000000e+00 1.000000000000000000e+00
