2.700877785280215992e-02 2.234976367319378709e-01 4.186360567184334996e-02 0.000000000000000000e+00 3.376097231600269991e-03 0.000000000000000000e+00 0.000000000000000000e+00 0.000000000000000000e+00 7.042538825118163093e-01 0.000000000000000000e+00 0.000000000000000000e+00 0.000000000000000000e+00 0.000000000000000000e+00 0.000000000000000000e+00 0.000000000000000000e+00 0.000000000000000000e+00 0.000000000000000000e+00 0.000000000000000000e+00 0.000000000000000000e+00 0.000000000000000000e+00 0.000000000000000000e+00 0.000000000000000000e+00 0.000000000000000000e+00 0.000000000000000000e+00 0.000000000000000000e+00
1.812688821752266033e-02 0.000000000000000000e+00 9.969788519637462487e-02 2.024169184290030288e-01 1.812688821752266033e-02 3.323262839879154162e-02 3.323262839879154162e-02 0.000000000000000000e+00 3.021148036253776606e-02 4.290030211480362343e-01 4.229607250755287179e-02 3.021148036253776432e-03 3.021148036253776432e-03 0.000000000000000000e+00 0.000000000000000000e+00 0.000000000000000000e+00 9.063444108761330165e-03 7.854984894259818551e-02 0.000000000000000000e+00 0.000000000000000000e+00 0.000000000000000000e+00 0.000000000000000000e+00 0.000000000000000000e+00 0.000000000000000000e+00 0.000000000000000000e+00
3.252032520325203596e-02 0.000000000000000000e+00 6.504065040650407192e-02 2.195121951219512202e-01 8.130081300813008990e-03 5.691056910569105426e-02 8.130081300813008990e-03 0.000000000000000000e+00 1.626016260162601798e-02 0.000000000000000000e+00 4.065040650406503975e-01 0.000000000000000000e+00 1.869918699186991773e-01 0.000000000000000000e+00 0.000000000000000000e+00 0.000000000000000000e+00 0.000000000000000000e+00 0.000000000000000000e+00 0.000000000000000000e+00 0.000000000000000000e+00 0.000000000000000000e+00 0.000000000000000000e+00 0.000000000000000000e+00 0.000000000000000000e+00 0.000000000000000000e+00
1.000000000000000021e-02 0.000000000000000000e+00 0.000000000000000000e+00 4.000000000000000083e-02 0.000000000000000000e+00 2.999999999999999889e-02 1.100000000000000006e-01 1.799999999999999933e-01 0.000000000000000000e+00 0.000000000000000000e+00 2.000000000000000042e-02 3.599999999999999867e-01 0.000000000000000000e+00 1.000000000000000056e-01 4.000000000000000083e-02 0.000000000000000000e+00 0.000000000000000000e+00 0.000000000000000000e+00 1.000000000000000021e-02 0.000000000000000000e+00 0.000000000000000000e+00 1.000000000000000056e-01 0.000000000000000000e+00 0.000000000000000000e+00 0.000000000000000000e+00
0.000000000000000000e+00 0.000000000000000000e+00 0.000000000000000000e+00 0.000000000000000000e+00 0.000000000000000000e+00 3.636363636363636465e-01 0.000000000000000000e+00 0.000000000000000000e+00 0.000000000000000000e+00 0.000000000000000000e+00 0.000000000000000000e+00 0.000000000000000000e+00 6.363636363636363535e-01 0.000000000000000000e+00 0.000000000000000000e+00 0.000000000000000000e+00 0.000000000000000000e+00 0.000000000000000000e+00 0.000000000000000000e+00 0.000000000000000000e+00 0.000000000000000000e+00 0.000000000000000000e+00 0.000000000000000000e+00 0.000000000000000000e+00 0.000000000000000000e+00
3.846153846153846367e-02 0.000000000000000000e+00 0.000000000000000000e+00 3.846153846153846367e-02 0.000000000000000000e+00 1.538461538461538547e-01 3.846153846153846367e-02 1.538461538461538547e-01 0.000000000000000000e+00 0.000000000000000000e+00 0.000000000000000000e+00 0.000000000000000000e+00 0.000000000000000000e+00 3.846153846153846367e-01 7.692307692307692735e-02 0.000000000000000000e+00 0.000000000000000000e+00 0.000000000000000000e+00 0.000000000000000000e+00 0.000000000000000000e+00 3.846153846153846367e-02 7.692307692307692735e-02 0.000000000000000000e+00 0.000000000000000000e+00 0.000000000000000000e+00
0.000000000000000000e+00 0.000000000000000000e+00 0.000000000000000000e+00 0.000000000000000000e+00 0.000000000000000000e+00 0.000000000000000000e+00 0.000000000000000000e+00 2.000000000000000111e-01 0.000000000000000000e+00 0.000000000000000000e+00 0.000000000000000000e+00 0.000000000000000000e+00 1.199999999999999956e-01 4.000000000000000083e-02 6.400000000000000133e-01 0.000000000000000000e+00 0.000000000000000000e+00 0.000000000000000000e+00 0.000000000000000000e+00 0.000000000000000000e+00 0.000000000000000000e+00 0.000000000000000000e+00 0.000000000000000000e+00 0.000000000000000000e+00 0.000000000000000000e+00
0.000000000000000000e+00 0.000000000000000000e+00 0.000000000000000000e+00 2.222222222222222307e-02 0.000000000000000000e+00 0.000000000000000000e+00 0.000000000000000000e+00 3.555555555555555691e-01 0.000000000000000000e+00 0.000000000000000000e+00 0.000000000000000000e+00 2.222222222222222307e-02 0.000000000000000000e+00 6.666666666666666574e-02 2.222222222222222307e-02 4.444444444444444198e-01 0.000000000000000000e+00 0.000000000000000000e+00 0.000000000000000000e+00 0.000000000000000000e+00 0.000000000000000000e+00 4.444444444444444614e-02 2.222222222222222307e-02 0.000000000000000000e+00 0.000000000000000000e+00
0.000000000000000000e+00 0.000000000000000000e+00 0.000000000000000000e+00 0.000000000000000000e+00 0.000000000000000000e+00 0.000000000000000000e+00 0.000000000000000000e+00 0.000000000000000000e+00 1.736745886654478960e-02 2.029250457038391242e-01 4.570383912248628805e-02 0.000000000000000000e+00 5.484460694698354427e-03 0.000000000000000000e+00 0.000000000000000000e+00 0.000000000000000000e+00 7.285191956124313917e-01 0.000000000000000000e+00 0.000000000000000000e+00 0.000000000000000000e+00 0.000000000000000000e+00 0.000000000000000000e+00 0.000000000000000000e+00 0.000000000000000000e+00 0.000000000000000000e+00
0.000000000000000000e+00 0.000000000000000000e+00 0.000000000000000000e+00 0.000000000000000000e+00 0.000000000000000000e+00 0.000000000000000000e+00 0.000000000000000000e+00 0.000000000000000000e+00 2.747252747252747207e-02 0.000000000000000000e+00 8.791208791208791895e-02 1.950549450549450559e-01 0.000000000000000000e+00 3.021978021978021997e-02 2.747252747252747207e-02 0.000000000000000000e+00 3.021978021978021997e-02 4.285714285714285476e-01 5.494505494505494414e-02 0.000000000000000000e+00 2.747252747252747467e-03 0.000000000000000000e+00 0.000000000000000000e+00 0.000000000000000000e+00 1.153846153846153910e-01
0.000000000000000000e+00 0.000000000000000000e+00 0.000000000000000000e+00 0.000000000000000000e+00 0.000000000000000000e+00 0.000000000000000000e+00 0.000000000000000000e+00 0.000000000000000000e+00 2.580645161290322578e-02 0.000000000000000000e+00 3.225806451612903136e-02 1.677419354838709797e-01 7.096774193548387177e-02 5.161290322580645157e-02 1.290322580645161289e-02 0.000000000000000000e+00 6.451612903225806446e-03 1.935483870967742021e-02 4.258064516129032029e-01 0.000000000000000000e+00 1.806451612903225701e-01 0.000000000000000000e+00 0.000000000000000000e+00 0.000000000000000000e+00 6.451612903225806446e-03
0.000000000000000000e+00 0.000000000000000000e+00 0.000000000000000000e+00 0.000000000000000000e+00 0.000000000000000000e+00 0.000000000000000000e+00 0.000000000000000000e+00 0.000000000000000000e+00 2.758620689655172376e-02 0.000000000000000000e+00 0.000000000000000000e+00 5.517241379310344751e-02 0.000000000000000000e+00 4.137931034482758563e-02 3.448275862068965469e-02 1.448275862068965636e-01 0.000000000000000000e+00 0.000000000000000000e+00 6.896551724137930939e-03 4.689655172413793038e-01 0.000000000000000000e+00 8.275862068965517127e-02 4.137931034482758563e-02 0.000000000000000000e+00 9.655172413793103314e-02
0.000000000000000000e+00 0.000000000000000000e+00 0.000000000000000000e+00 0.000000000000000000e+00 0.000000000000000000e+00 0.000000000000000000e+00 0.000000000000000000e+00 0.000000000000000000e+00 4.166666666666666435e-02 0.000000000000000000e+00 0.000000000000000000e+00 0.000000000000000000e+00 0.000000000000000000e+00 2.291666666666666574e-01 1.041666666666666713e-01 0.000000000000000000e+00 0.000000000000000000e+00 0.000000000000000000e+00 0.000000000000000000e+00 0.000000000000000000e+00 6.041666666666666297e-01 0.000000000000000000e+00 0.000000000000000000e+00 0.000000000000000000e+00 2.083333333333333218e-02
0.000000000000000000e+00 0.000000000000000000e+00 0.000000000000000000e+00 0.000000000000000000e+00 0.000000000000000000e+00 0.000000000000000000e+00 0.000000000000000000e+00 0.000000000000000000e+00 0.000000000000000000e+00 0.000000000000000000e+00 0.000000000000000000e+00 4.687500000000000000e-02 0.000000000000000000e+00 6.250000000000000000e-02 4.687500000000000000e-02 1.406250000000000000e-01 0.000000000000000000e+00 0.000000000000000000e+00 0.000000000000000000e+00 0.000000000000000000e+00 3.125000000000000000e-02 4.062500000000000000e-01 7.812500000000000000e-02 1.562500000000000000e-02 1.718750000000000000e-01
0.000000000000000000e+00 0.000000000000000000e+00 0.000000000000000000e+00 0.000000000000000000e+00 0.000000000000000000e+00 0.000000000000000000e+00 0.000000000000000000e+00 0.000000000000000000e+00 0.000000000000000000e+00 0.000000000000000000e+00 1.694915254237288130e-02 0.000000000000000000e+00 1.694915254237288130e-02 5.084745762711864736e-02 6.779661016949152519e-02 2.542372881355932090e-01 0.000000000000000000e+00 0.000000000000000000e+00 0.000000000000000000e+00 0.000000000000000000e+00 8.474576271186440302e-02 0.000000000000000000e+00 5.084745762711864181e-01 0.000000000000000000e+00 0.000000000000000000e+00
0.000000000000000000e+00 0.000000000000000000e+00 0.000000000000000000e+00 0.000000000000000000e+00 0.000000000000000000e+00 0.000000000000000000e+00 0.000000000000000000e+00 0.000000000000000000e+00 1.111111111111111154e-02 0.000000000000000000e+00 0.000000000000000000e+00 0.000000000000000000e+00 0.000000000000000000e+00 0.000000000000000000e+00 4.444444444444444614e-02 2.444444444444444364e-01 0.000000000000000000e+00 0.000000000000000000e+00 0.000000000000000000e+00 1.111111111111111154e-02 0.000000000000000000e+00 6.666666666666666574e-02 7.777777777777777901e-02 3.666666666666666408e-01 1.777777777777777846e-01
0.000000000000000000e+00 0.000000000000000000e+00 0.000000000000000000e+00 0.000000000000000000e+00 0.000000000000000000e+00 0.000000000000000000e+00 0.000000000000000000e+00 0.000000000000000000e+00 0.000000000000000000e+00 0.000000000000000000e+00 0.000000000000000000e+00 0.000000000000000000e+00 0.000000000000000000e+00 0.000000000000000000e+00 0.000000000000000000e+00 0.000000000000000000e+00 2.444703143189755692e-02 2.188591385331781214e-01 4.190919674039580989e-02 0.000000000000000000e+00 2.328288707799767120e-03 0.000000000000000000e+00 0.000000000000000000e+00 0.000000000000000000e+00 7.124563445867287959e-01
0.000000000000000000e+00 0.000000000000000000e+00 0.000000000000000000e+00 0.000000000000000000e+00 0.000000000000000000e+00 0.000000000000000000e+00 0.000000000000000000e+00 0.000000000000000000e+00 0.000000000000000000e+00 0.000000000000000000e+00 0.000000000000000000e+00 0.000000000000000000e+00 0.000000000000000000e+00 0.000000000000000000e+00 0.000000000000000000e+00 0.000000000000000000e+00 3.141361256544502462e-02 1.832460732984293045e-02 7.853403141361256501e-02 1.832460732984293184e-01 1.570680628272251231e-02 3.141361256544502462e-02 1.570680628272251231e-02 0.000000000000000000e+00 6.256544502617801262e-01
0.000000000000000000e+00 0.000000000000000000e+00 0.000000000000000000e+00 0.000000000000000000e+00 0.000000000000000000e+00 0.000000000000000000e+00 0.000000000000000000e+00 0.000000000000000000e+00 0.000000000000000000e+00 0.000000000000000000e+00 0.000000000000000000e+00 0.000000000000000000e+00 0.000000000000000000e+00 0.000000000000000000e+00 0.000000000000000000e+00 0.000000000000000000e+00 1.910828025477706929e-02 0.000000000000000000e+00 3.821656050955413858e-02 1.974522292993630690e-01 2.547770700636942803e-02 1.910828025477706929e-02 6.369426751592357008e-03 0.000000000000000000e+00 6.942675159235668358e-01
0.000000000000000000e+00 0.000000000000000000e+00 0.000000000000000000e+00 0.000000000000000000e+00 0.000000000000000000e+00 0.000000000000000000e+00 0.000000000000000000e+00 0.000000000000000000e+00 0.000000000000000000e+00 0.000000000000000000e+00 0.000000000000000000e+00 0.000000000000000000e+00 0.000000000000000000e+00 0.000000000000000000e+00 0.000000000000000000e+00 0.000000000000000000e+00 9.900990099009901110e-03 9.900990099009901110e-03 4.950495049504950555e-03 1.039603960396039556e-01 0.000000000000000000e+00 2.475247524752475364e-02 3.960396039603960444e-02 1.138613861386138654e-01 6.930693069306930187e-01
0.000000000000000000e+00 0.000000000000000000e+00 0.000000000000000000e+00 0.000000000000000000e+00 0.000000000000000000e+00 0.000000000000000000e+00 0.000000000000000000e+00 0.000000000000000000e+00 0.000000000000000000e+00 0.000000000000000000e+00 0.000000000000000000e+00 0.000000000000000000e+00 0.000000000000000000e+00 0.000000000000000000e+00 0.000000000000000000e+00 0.000000000000000000e+00 3.846153846153846367e-02 0.000000000000000000e+00 0.000000000000000000e+00 0.000000000000000000e+00 1.282051282051282007e-02 3.076923076923077094e-01 5.128205128205128027e-02 0.000000000000000000e+00 5.897435897435897578e-01
0.000000000000000000e+00 0.000000000000000000e+00 0.000000000000000000e+00 0.000000000000000000e+00 0.000000000000000000e+00 0.000000000000000000e+00 0.000000000000000000e+00 0.000000000000000000e+00 0.000000000000000000e+00 0.000000000000000000e+00 0.000000000000000000e+00 0.000000000000000000e+00 0.000000000000000000e+00 0.000000000000000000e+00 0.000000000000000000e+00 0.000000000000000000e+00 9.090909090909090468e-03 0.000000000000000000e+00 0.000000000000000000e+00 8.181818181818181768e-02 0.000000000000000000e+00 9.090909090909091161e-02 5.454545454545454281e-02 1.545454545454545414e-01 6.090909090909091272e-01
0.000000000000000000e+00 0.000000000000000000e+00 0.000000000000000000e+00 0.000000000000000000e+00 0.000000000000000000e+00 0.000000000000000000e+00 0.000000000000000000e+00 0.000000000000000000e+00 0.000000000000000000e+00 0.000000000000000000e+00 0.000000000000000000e+00 0.000000000000000000e+00 0.000000000000000000e+00 0.000000000000000000e+00 0.000000000000000000e+00 0.000000000000000000e+00 3.409090909090908839e-02 0.000000000000000000e+00 0.000000000000000000e+00 0.000000000000000000e+00 2.272727272727272790e-02 1.136363636363636395e-02 5.681818181818181629e-02 2.613636363636363535e-01 6.136363636363636465e-01
0.000000000000000000e+00 0.000000000000000000e+00 0.000000000000000000e+00 0.000000000000000000e+00 0.000000000000000000e+00 0.000000000000000000e+00 0.000000000000000000e+00 0.000000000000000000e+00 0.000000000000000000e+00 0.000000000000000000e+00 0.000000000000000000e+00 0.000000000000000000e+00 0.000000000000000000e+00 0.000000000000000000e+00 0.000000000000000000e+00 0.000000000000000000e+00 5.691056910569105426e-02 0.000000000000000000e+00 0.000000000000000000e+00 3.252032520325203596e-02 0.000000000000000000e+00 0.000000000000000000e+00 6.504065040650407192e-02 2.032520325203251987e-01 6.422764227642276946e-01
0.000000000000000000e+00 0.000000000000000000e+00 0.000000000000000000e+00 0.000000000000000000e+00 0.000000000000000000e+00 0.000000000000000000e+00 0.000000000000000000e+00 0.000000000000000000e+00 0.000000000000000000e+00 0.000000000000000000e+00 0.000000000000000000e+00 0.000000000000000000e+00 0.000000000000000000e+00 0.000000000000000000e+00 0.000000000000000000e+00 0.000000000000000000e+00 0.000000000000000000e+00 0.000000000000000000e+00 0.000000000000000000e+00 0.000000000000000000e+00 0.000000000000000000e+00 0.000000000000000000e+00 0.000000000000000000e+00 0.000000000000000000e+00 1.000000000000000000e+00
