3.404539385847796945e-02 2.363150867823765044e-01 4.005340453938584927e-02 0.000000000000000000e+00 5.340453938584779556e-03 0.000000000000000000e+00 0.000000000000000000e+00 0.000000000000000000e+00 6.842456608811748886e-01 0.000000000000000000e+00 0.000000000000000000e+00 0.000000000000000000e+00 0.000000000000000000e+00 0.000000000000000000e+00 0.000000000000000000e+00 0.000000000000000000e+00 0.000000000000000000e+00 0.000000000000000000e+00 0.000000000000000000e+00 0.000000000000000000e+00 0.000000000000000000e+00 0.000000000000000000e+00 0.000000000000000000e+00 0.000000000000000000e+00 0.000000000000000000e+00
3.672316384180791121e-02 0.000000000000000000e+00 4.802259887005649874e-02 1.836158192090395491e-01 0.000000000000000000e+00 2.824858757062146883e-02 2.542372881355932368e-02 0.000000000000000000e+00 1.694915254237288130e-02 5.169491525423728362e-01 5.084745762711864736e-02 0.000000000000000000e+00 5.649717514124293766e-03 0.000000000000000000e+00 0.000000000000000000e+00 0.000000000000000000e+00 0.000000000000000000e+00 8.757062146892655163e-02 0.000000000000000000e+00 0.000000000000000000e+00 0.000000000000000000e+00 0.000000000000000000e+00 0.000000000000000000e+00 0.000000000000000000e+00 0.000000000000000000e+00
4.629629629629629373e-02 0.000000000000000000e+00 3.703703703703703498e-02 1.296296296296296224e-01 1.851851851851851749e-02 9.259259259259258745e-02 2.777777777777777624e-02 0.000000000000000000e+00 0.000000000000000000e+00 0.000000000000000000e+00 4.537037037037037202e-01 0.000000000000000000e+00 1.944444444444444475e-01 0.000000000000000000e+00 0.000000000000000000e+00 0.000000000000000000e+00 0.000000000000000000e+00 0.000000000000000000e+00 0.000000000000000000e+00 0.000000000000000000e+00 0.000000000000000000e+00 0.000000000000000000e+00 0.000000000000000000e+00 0.000000000000000000e+00 0.000000000000000000e+00
5.747126436781609116e-02 0.000000000000000000e+00 0.000000000000000000e+00 9.195402298850574585e-02 0.000000000000000000e+00 1.149425287356321823e-02 3.448275862068965469e-02 2.068965517241379282e-01 0.000000000000000000e+00 0.000000000000000000e+00 0.000000000000000000e+00 3.563218390804597790e-01 0.000000000000000000e+00 1.494252873563218509e-01 4.597701149425287293e-02 0.000000000000000000e+00 0.000000000000000000e+00 0.000000000000000000e+00 0.000000000000000000e+00 1.149425287356321823e-02 0.000000000000000000e+00 2.298850574712643646e-02 0.000000000000000000e+00 0.000000000000000000e+00 1.149425287356321823e-02
0.000000000000000000e+00 0.000000000000000000e+00 0.000000000000000000e+00 0.000000000000000000e+00 0.000000000000000000e+00 2.000000000000000111e-01 1.000000000000000056e-01 0.000000000000000000e+00 0.000000000000000000e+00 0.000000000000000000e+00 0.000000000000000000e+00 0.000000000000000000e+00 6.999999999999999556e-01 0.000000000000000000e+00 0.000000000000000000e+00 0.000000000000000000e+00 0.000000000000000000e+00 0.000000000000000000e+00 0.000000000000000000e+00 0.000000000000000000e+00 0.000000000000000000e+00 0.000000000000000000e+00 0.000000000000000000e+00 0.000000000000000000e+00 0.000000000000000000e+00
4.545454545454545581e-02 0.000000000000000000e+00 0.000000000000000000e+00 9.090909090909091161e-02 0.000000000000000000e+00 9.090909090909091161e-02 4.545454545454545581e-02 2.272727272727272652e-01 0.000000000000000000e+00 0.000000000000000000e+00 0.000000000000000000e+00 0.000000000000000000e+00 0.000000000000000000e+00 3.636363636363636465e-01 9.090909090909091161e-02 0.000000000000000000e+00 0.000000000000000000e+00 0.000000000000000000e+00 0.000000000000000000e+00 0.000000000000000000e+00 0.000000000000000000e+00 4.545454545454545581e-02 0.000000000000000000e+00 0.000000000000000000e+00 0.000000000000000000e+00
1.000000000000000056e-01 0.000000000000000000e+00 0.000000000000000000e+00 0.000000000000000000e+00 0.000000000000000000e+00 0.000000000000000000e+00 0.000000000000000000e+00 2.500000000000000000e-01 0.000000000000000000e+00 0.000000000000000000e+00 0.000000000000000000e+00 5.000000000000000278e-02 1.000000000000000056e-01 0.000000000000000000e+00 5.000000000000000000e-01 0.000000000000000000e+00 0.000000000000000000e+00 0.000000000000000000e+00 0.000000000000000000e+00 0.000000000000000000e+00 0.000000000000000000e+00 0.000000000000000000e+00 0.000000000000000000e+00 0.000000000000000000e+00 0.000000000000000000e+00
5.128205128205128027e-02 0.000000000000000000e+00 0.000000000000000000e+00 0.000000000000000000e+00 0.000000000000000000e+00 0.000000000000000000e+00 7.692307692307692735e-02 2.564102564102563875e-01 0.000000000000000000e+00 0.000000000000000000e+00 0.000000000000000000e+00 0.000000000000000000e+00 5.128205128205128027e-02 7.692307692307692735e-02 0.000000000000000000e+00 4.358974358974359031e-01 0.000000000000000000e+00 0.000000000000000000e+00 0.000000000000000000e+00 0.000000000000000000e+00 0.000000000000000000e+00 0.000000000000000000e+00 2.564102564102564014e-02 2.564102564102564014e-02 0.000000000000000000e+00
0.000000000000000000e+00 0.000000000000000000e+00 0.000000000000000000e+00 0.000000000000000000e+00 0.000000000000000000e+00 0.000000000000000000e+00 0.000000000000000000e+00 0.000000000000000000e+00 3.005464480874316807e-02 2.459016393442622905e-01 3.369763205828779640e-02 0.000000000000000000e+00 1.821493624772313295e-03 0.000000000000000000e+00 0.000000000000000000e+00 0.000000000000000000e+00 6.885245901639344135e-01 0.000000000000000000e+00 0.000000000000000000e+00 0.000000000000000000e+00 0.000000000000000000e+00 0.000000000000000000e+00 0.000000000000000000e+00 0.000000000000000000e+00 0.000000000000000000e+00
0.000000000000000000e+00 0.000000000000000000e+00 0.000000000000000000e+00 0.000000000000000000e+00 0.000000000000000000e+00 0.000000000000000000e+00 0.000000000000000000e+00 0.000000000000000000e+00 4.139433551198257177e-02 6.535947712418300852e-03 9.586056644880174005e-02 1.459694989106753715e-01 4.357298474945534190e-03 3.267973856209150513e-02 3.050108932461873673e-02 0.000000000000000000e+00 1.742919389978213676e-02 4.771241830065359735e-01 4.139433551198257177e-02 0.000000000000000000e+00 2.178649237472767095e-03 0.000000000000000000e+00 0.000000000000000000e+00 0.000000000000000000e+00 1.045751633986928136e-01
0.000000000000000000e+00 0.000000000000000000e+00 0.000000000000000000e+00 0.000000000000000000e+00 0.000000000000000000e+00 0.000000000000000000e+00 0.000000000000000000e+00 0.000000000000000000e+00 3.205128205128204844e-02 6.410256410256410034e-03 5.128205128205128027e-02 2.115384615384615363e-01 4.487179487179487197e-02 5.769230769230769551e-02 6.410256410256410034e-03 0.000000000000000000e+00 1.923076923076923184e-02 0.000000000000000000e+00 4.423076923076922906e-01 0.000000000000000000e+00 1.282051282051281937e-01 0.000000000000000000e+00 0.000000000000000000e+00 0.000000000000000000e+00 0.000000000000000000e+00
0.000000000000000000e+00 0.000000000000000000e+00 0.000000000000000000e+00 0.000000000000000000e+00 0.000000000000000000e+00 0.000000000000000000e+00 0.000000000000000000e+00 0.000000000000000000e+00 2.013422818791946178e-02 1.342281879194630843e-02 0.000000000000000000e+00 7.382550335570470246e-02 0.000000000000000000e+00 2.684563758389261687e-02 4.026845637583892357e-02 1.342281879194630878e-01 0.000000000000000000e+00 1.342281879194630843e-02 6.711409395973154217e-03 4.093959731543624359e-01 0.000000000000000000e+00 8.724832214765100569e-02 6.040268456375839229e-02 0.000000000000000000e+00 1.140939597315436260e-01
0.000000000000000000e+00 0.000000000000000000e+00 0.000000000000000000e+00 0.000000000000000000e+00 0.000000000000000000e+00 0.000000000000000000e+00 0.000000000000000000e+00 0.000000000000000000e+00 5.128205128205128027e-02 0.000000000000000000e+00 0.000000000000000000e+00 0.000000000000000000e+00 0.000000000000000000e+00 2.564102564102563875e-01 2.564102564102564014e-02 0.000000000000000000e+00 0.000000000000000000e+00 0.000000000000000000e+00 0.000000000000000000e+00 0.000000000000000000e+00 6.666666666666666297e-01 0.000000000000000000e+00 0.000000000000000000e+00 0.000000000000000000e+00 0.000000000000000000e+00
0.000000000000000000e+00 0.000000000000000000e+00 0.000000000000000000e+00 0.000000000000000000e+00 0.000000000000000000e+00 0.000000000000000000e+00 0.000000000000000000e+00 0.000000000000000000e+00 4.477611940298507204e-02 0.000000000000000000e+00 0.000000000000000000e+00 5.970149253731343170e-02 0.000000000000000000e+00 5.970149253731343170e-02 4.477611940298507204e-02 2.089552238805970075e-01 0.000000000000000000e+00 0.000000000000000000e+00 0.000000000000000000e+00 1.492537313432835792e-02 1.492537313432835792e-02 3.582089552238805763e-01 2.985074626865671585e-02 0.000000000000000000e+00 1.641791044776119424e-01
0.000000000000000000e+00 0.000000000000000000e+00 0.000000000000000000e+00 0.000000000000000000e+00 0.000000000000000000e+00 0.000000000000000000e+00 0.000000000000000000e+00 0.000000000000000000e+00 1.886792452830188607e-02 0.000000000000000000e+00 0.000000000000000000e+00 0.000000000000000000e+00 0.000000000000000000e+00 5.660377358490566169e-02 1.886792452830188607e-02 2.452830188679245293e-01 0.000000000000000000e+00 0.000000000000000000e+00 1.886792452830188607e-02 3.773584905660377214e-02 1.320754716981132060e-01 3.773584905660377214e-02 4.339622641509434109e-01 0.000000000000000000e+00 0.000000000000000000e+00
0.000000000000000000e+00 0.000000000000000000e+00 0.000000000000000000e+00 0.000000000000000000e+00 0.000000000000000000e+00 0.000000000000000000e+00 0.000000000000000000e+00 0.000000000000000000e+00 1.149425287356321823e-02 0.000000000000000000e+00 0.000000000000000000e+00 2.298850574712643646e-02 0.000000000000000000e+00 0.000000000000000000e+00 5.747126436781609116e-02 2.528735632183908288e-01 0.000000000000000000e+00 0.000000000000000000e+00 0.000000000000000000e+00 0.000000000000000000e+00 0.000000000000000000e+00 9.195402298850574585e-02 4.597701149425287293e-02 4.137931034482758563e-01 1.034482758620689641e-01
0.000000000000000000e+00 0.000000000000000000e+00 0.000000000000000000e+00 0.000000000000000000e+00 0.000000000000000000e+00 0.000000000000000000e+00 0.000000000000000000e+00 0.000000000000000000e+00 0.000000000000000000e+00 0.000000000000000000e+00 0.000000000000000000e+00 0.000000000000000000e+00 0.000000000000000000e+00 0.000000000000000000e+00 0.000000000000000000e+00 0.000000000000000000e+00 2.997601918465227916e-02 2.386091127098321218e-01 5.395683453237409832e-02 0.000000000000000000e+00 1.199040767386091045e-03 0.000000000000000000e+00 0.000000000000000000e+00 0.000000000000000000e+00 6.762589928057554101e-01
0.000000000000000000e+00 0.000000000000000000e+00 0.000000000000000000e+00 0.000000000000000000e+00 0.000000000000000000e+00 0.000000000000000000e+00 0.000000000000000000e+00 0.000000000000000000e+00 0.000000000000000000e+00 0.000000000000000000e+00 0.000000000000000000e+00 0.000000000000000000e+00 0.000000000000000000e+00 0.000000000000000000e+00 0.000000000000000000e+00 0.000000000000000000e+00 3.711790393013100764e-02 1.746724890829694232e-02 6.113537117903929813e-02 1.768558951965065462e-01 4.366812227074235581e-03 3.275109170305676859e-02 6.550218340611353371e-03 0.000000000000000000e+00 6.637554585152838360e-01
0.000000000000000000e+00 0.000000000000000000e+00 0.000000000000000000e+00 0.000000000000000000e+00 0.000000000000000000e+00 0.000000000000000000e+00 0.000000000000000000e+00 0.000000000000000000e+00 0.000000000000000000e+00 0.000000000000000000e+00 0.000000000000000000e+00 0.000000000000000000e+00 0.000000000000000000e+00 0.000000000000000000e+00 0.000000000000000000e+00 0.000000000000000000e+00 7.058823529411764608e-02 0.000000000000000000e+00 5.294117647058823456e-02 1.941176470588235337e-01 1.764705882352941152e-02 3.529411764705882304e-02 5.882352941176470507e-03 0.000000000000000000e+00 6.235294117647058876e-01
0.000000000000000000e+00 0.000000000000000000e+00 0.000000000000000000e+00 0.000000000000000000e+00 0.000000000000000000e+00 0.000000000000000000e+00 0.000000000000000000e+00 0.000000000000000000e+00 0.000000000000000000e+00 0.000000000000000000e+00 0.000000000000000000e+00 0.000000000000000000e+00 0.000000000000000000e+00 0.000000000000000000e+00 0.000000000000000000e+00 0.000000000000000000e+00 4.166666666666666435e-02 0.000000000000000000e+00 9.259259259259258745e-03 1.203703703703703637e-01 0.000000000000000000e+00 1.851851851851851749e-02 2.314814814814814686e-02 1.712962962962963076e-01 6.157407407407406996e-01
0.000000000000000000e+00 0.000000000000000000e+00 0.000000000000000000e+00 0.000000000000000000e+00 0.000000000000000000e+00 0.000000000000000000e+00 0.000000000000000000e+00 0.000000000000000000e+00 0.000000000000000000e+00 0.000000000000000000e+00 0.000000000000000000e+00 0.000000000000000000e+00 0.000000000000000000e+00 0.000000000000000000e+00 0.000000000000000000e+00 0.000000000000000000e+00 4.918032786885245811e-02 0.000000000000000000e+00 0.000000000000000000e+00 0.000000000000000000e+00 3.278688524590164105e-02 2.950819672131147486e-01 4.918032786885245811e-02 1.639344262295082053e-02 5.573770491803278215e-01
0.000000000000000000e+00 0.000000000000000000e+00 0.000000000000000000e+00 0.000000000000000000e+00 0.000000000000000000e+00 0.000000000000000000e+00 0.000000000000000000e+00 0.000000000000000000e+00 0.000000000000000000e+00 0.000000000000000000e+00 0.000000000000000000e+00 0.000000000000000000e+00 0.000000000000000000e+00 0.000000000000000000e+00 0.000000000000000000e+00 0.000000000000000000e+00 4.000000000000000083e-02 0.000000000000000000e+00 0.000000000000000000e+00 1.300000000000000044e-01 0.000000000000000000e+00 8.999999999999999667e-02 1.000000000000000021e-02 1.700000000000000122e-01 5.600000000000000533e-01
0.000000000000000000e+00 0.000000000000000000e+00 0.000000000000000000e+00 0.000000000000000000e+00 0.000000000000000000e+00 0.000000000000000000e+00 0.000000000000000000e+00 0.000000000000000000e+00 0.000000000000000000e+00 0.000000000000000000e+00 0.000000000000000000e+00 0.000000000000000000e+00 0.000000000000000000e+00 0.000000000000000000e+00 0.000000000000000000e+00 0.000000000000000000e+00 0.000000000000000000e+00 0.000000000000000000e+00 0.000000000000000000e+00 0.000000000000000000e+00 0.000000000000000000e+00 1.724137931034482735e-02 0.000000000000000000e+00 2.586206896551724310e-01 7.241379310344827624e-01
0.000000000000000000e+00 0.000000000000000000e+00 0.000000000000000000e+00 0.000000000000000000e+00 0.000000000000000000e+00 0.000000000000000000e+00 0.000000000000000000e+00 0.000000000000000000e+00 0.000000000000000000e+00 0.000000000000000000e+00 0.000000000000000000e+00 0.000000000000000000e+00 0.000000000000000000e+00 0.000000000000000000e+00 0.000000000000000000e+00 0.000000000000000000e+00 2.000000000000000042e-02 0.000000000000000000e+00 0.000000000000000000e+00 2.000000000000000042e-02 0.000000000000000000e+00 0.000000000000000000e+00 3.333333333333333287e-02 2.866666666666666807e-01 6.400000000000000133e-01
0.000000000000000000e+00 0.000000000000000000e+00 0.000000000000000000e+00 0.000000000000000000e+00 0.000000000000000000e+00 0.000000000000000000e+00 0.000000000000000000e+00 0.000000000000000000e+00 0.000000000000000000e+00 0.000000000000000000e+00 0.000000000000000000e+00 0.000000000000000000e+00 0.000000000000000000e+00 0.000000000000000000e+00 0.000000000000000000e+00 0.000000000000000000e+00 0.000000000000000000e+00 0.000000000000000000e+00 0.000000000000000000e+00 0.000000000000000000e+00 0.000000000000000000e+00 0.000000000000000000e+00 0.000000000000000000e+00 0.000000000000000000e+00 1.000000000000000000e+00
