3.755868544600939052e-02 2.347417840375586873e-01 4.426559356136820778e-02 0.000000000000000000e+00 1.341381623071763885e-03 0.000000000000000000e+00 0.000000000000000000e+00 0.000000000000000000e+00 6.820925553319919787e-01 0.000000000000000000e+00 0.000000000000000000e+00 0.000000000000000000e+00 0.000000000000000000e+00 0.000000000000000000e+00 0.000000000000000000e+00 0.000000000000000000e+00 0.000000000000000000e+00 0.000000000000000000e+00 0.000000000000000000e+00 0.000000000000000000e+00 0.000000000000000000e+00 0.000000000000000000e+00 0.000000000000000000e+00 0.000000000000000000e+00 0.000000000000000000e+00
4.532577903682719761e-02 0.000000000000000000e+00 6.232294617563739064e-02 2.152974504249291765e-01 0.000000000000000000e+00 4.249291784702549646e-02 2.266288951841359881e-02 2.832861189801699851e-03 2.266288951841359881e-02 4.475920679886685738e-01 4.815864022662889182e-02 0.000000000000000000e+00 0.000000000000000000e+00 2.832861189801699851e-03 0.000000000000000000e+00 0.000000000000000000e+00 2.832861189801699851e-03 8.498583569405099292e-02 0.000000000000000000e+00 0.000000000000000000e+00 0.000000000000000000e+00 0.000000000000000000e+00 0.000000000000000000e+00 0.000000000000000000e+00 0.000000000000000000e+00
8.196721311475410263e-03 2.459016393442622905e-02 1.639344262295082053e-02 1.803278688524590223e-01 5.737704918032787010e-02 7.377049180327868716e-02 8.196721311475410263e-03 0.000000000000000000e+00 0.000000000000000000e+00 1.639344262295082053e-02 4.098360655737705027e-01 0.000000000000000000e+00 1.885245901639344135e-01 0.000000000000000000e+00 0.000000000000000000e+00 0.000000000000000000e+00 1.639344262295082053e-02 0.000000000000000000e+00 0.000000000000000000e+00 0.000000000000000000e+00 0.000000000000000000e+00 0.000000000000000000e+00 0.000000000000000000e+00 0.000000000000000000e+00 0.000000000000000000e+00
3.703703703703703498e-02 0.000000000000000000e+00 0.000000000000000000e+00 8.333333333333332871e-02 0.000000000000000000e+00 1.851851851851851749e-02 6.481481481481481122e-02 1.388888888888888951e-01 1.851851851851851749e-02 0.000000000000000000e+00 1.851851851851851749e-02 3.703703703703703498e-01 0.000000000000000000e+00 8.333333333333332871e-02 1.018518518518518462e-01 0.000000000000000000e+00 0.000000000000000000e+00 9.259259259259258745e-03 0.000000000000000000e+00 0.000000000000000000e+00 0.000000000000000000e+00 5.555555555555555247e-02 0.000000000000000000e+00 0.000000000000000000e+00 0.000000000000000000e+00
0.000000000000000000e+00 0.000000000000000000e+00 0.000000000000000000e+00 0.000000000000000000e+00 0.000000000000000000e+00 1.250000000000000000e-01 1.250000000000000000e-01 0.000000000000000000e+00 0.000000000000000000e+00 0.000000000000000000e+00 0.000000000000000000e+00 0.000000000000000000e+00 7.500000000000000000e-01 0.000000000000000000e+00 0.000000000000000000e+00 0.000000000000000000e+00 0.000000000000000000e+00 0.000000000000000000e+00 0.000000000000000000e+00 0.000000000000000000e+00 0.000000000000000000e+00 0.000000000000000000e+00 0.000000000000000000e+00 0.000000000000000000e+00 0.000000000000000000e+00
0.000000000000000000e+00 0.000000000000000000e+00 0.000000000000000000e+00 1.111111111111111049e-01 0.000000000000000000e+00 3.703703703703703498e-02 3.703703703703703498e-02 1.851851851851851749e-01 0.000000000000000000e+00 0.000000000000000000e+00 0.000000000000000000e+00 0.000000000000000000e+00 0.000000000000000000e+00 5.555555555555555802e-01 3.703703703703703498e-02 0.000000000000000000e+00 0.000000000000000000e+00 0.000000000000000000e+00 0.000000000000000000e+00 0.000000000000000000e+00 0.000000000000000000e+00 3.703703703703703498e-02 0.000000000000000000e+00 0.000000000000000000e+00 0.000000000000000000e+00
8.695652173913043237e-02 0.000000000000000000e+00 0.000000000000000000e+00 0.000000000000000000e+00 0.000000000000000000e+00 4.347826086956521618e-02 1.304347826086956486e-01 8.695652173913043237e-02 0.000000000000000000e+00 0.000000000000000000e+00 0.000000000000000000e+00 0.000000000000000000e+00 1.304347826086956486e-01 4.347826086956521618e-02 4.782608695652174058e-01 0.000000000000000000e+00 0.000000000000000000e+00 0.000000000000000000e+00 0.000000000000000000e+00 0.000000000000000000e+00 0.000000000000000000e+00 0.000000000000000000e+00 0.000000000000000000e+00 0.000000000000000000e+00 0.000000000000000000e+00
5.882352941176470507e-02 0.000000000000000000e+00 0.000000000000000000e+00 0.000000000000000000e+00 0.000000000000000000e+00 0.000000000000000000e+00 2.941176470588235253e-02 2.647058823529411797e-01 0.000000000000000000e+00 0.000000000000000000e+00 0.000000000000000000e+00 0.000000000000000000e+00 0.000000000000000000e+00 8.823529411764706454e-02 8.823529411764706454e-02 3.529411764705882582e-01 0.000000000000000000e+00 0.000000000000000000e+00 0.000000000000000000e+00 0.000000000000000000e+00 0.000000000000000000e+00 2.941176470588235253e-02 8.823529411764706454e-02 0.000000000000000000e+00 0.000000000000000000e+00
0.000000000000000000e+00 0.000000000000000000e+00 0.000000000000000000e+00 0.000000000000000000e+00 0.000000000000000000e+00 0.000000000000000000e+00 0.000000000000000000e+00 0.000000000000000000e+00 4.825737265415549343e-02 2.582663092046469933e-01 3.127792672028596732e-02 0.000000000000000000e+00 8.936550491510276842e-04 0.000000000000000000e+00 0.000000000000000000e+00 0.000000000000000000e+00 6.604110813226095056e-01 0.000000000000000000e+00 0.000000000000000000e+00 0.000000000000000000e+00 8.936550491510276842e-04 0.000000000000000000e+00 0.000000000000000000e+00 0.000000000000000000e+00 0.000000000000000000e+00
0.000000000000000000e+00 0.000000000000000000e+00 0.000000000000000000e+00 0.000000000000000000e+00 0.000000000000000000e+00 0.000000000000000000e+00 0.000000000000000000e+00 0.000000000000000000e+00 3.539823008849557473e-02 2.212389380530973421e-03 4.646017699115044530e-02 2.411504424778760924e-01 4.424778761061946841e-03 5.752212389380530894e-02 2.654867256637168105e-02 4.424778761061946841e-03 2.654867256637168105e-02 4.159292035398229892e-01 3.761061946902655162e-02 0.000000000000000000e+00 2.212389380530973421e-03 0.000000000000000000e+00 0.000000000000000000e+00 0.000000000000000000e+00 9.955752212389380740e-02
0.000000000000000000e+00 0.000000000000000000e+00 0.000000000000000000e+00 0.000000000000000000e+00 0.000000000000000000e+00 0.000000000000000000e+00 0.000000000000000000e+00 0.000000000000000000e+00 3.676470588235294240e-02 0.000000000000000000e+00 5.882352941176470507e-02 2.426470588235294101e-01 2.205882352941176613e-02 6.617647058823529493e-02 0.000000000000000000e+00 0.000000000000000000e+00 7.352941176470588133e-03 0.000000000000000000e+00 4.338235294117647189e-01 0.000000000000000000e+00 1.323529411764705899e-01 0.000000000000000000e+00 0.000000000000000000e+00 0.000000000000000000e+00 0.000000000000000000e+00
0.000000000000000000e+00 0.000000000000000000e+00 0.000000000000000000e+00 0.000000000000000000e+00 0.000000000000000000e+00 0.000000000000000000e+00 0.000000000000000000e+00 0.000000000000000000e+00 2.912621359223301065e-02 2.427184466019417439e-02 9.708737864077669061e-03 5.825242718446602130e-02 4.854368932038834530e-03 2.427184466019417439e-02 2.912621359223301065e-02 2.135922330097087263e-01 0.000000000000000000e+00 4.854368932038834530e-03 0.000000000000000000e+00 4.320388349514562853e-01 4.854368932038834530e-03 7.281553398058251969e-02 2.427184466019417439e-02 0.000000000000000000e+00 6.796116504854368690e-02
0.000000000000000000e+00 0.000000000000000000e+00 0.000000000000000000e+00 0.000000000000000000e+00 0.000000000000000000e+00 0.000000000000000000e+00 0.000000000000000000e+00 0.000000000000000000e+00 8.571428571428571508e-02 2.857142857142857054e-02 0.000000000000000000e+00 0.000000000000000000e+00 0.000000000000000000e+00 2.571428571428571175e-01 8.571428571428571508e-02 0.000000000000000000e+00 2.857142857142857054e-02 0.000000000000000000e+00 0.000000000000000000e+00 0.000000000000000000e+00 5.142857142857142350e-01 0.000000000000000000e+00 0.000000000000000000e+00 0.000000000000000000e+00 0.000000000000000000e+00
0.000000000000000000e+00 0.000000000000000000e+00 0.000000000000000000e+00 0.000000000000000000e+00 0.000000000000000000e+00 0.000000000000000000e+00 0.000000000000000000e+00 0.000000000000000000e+00 4.705882352941176405e-02 0.000000000000000000e+00 0.000000000000000000e+00 8.235294117647058709e-02 0.000000000000000000e+00 3.529411764705882304e-02 3.529411764705882304e-02 1.764705882352941291e-01 0.000000000000000000e+00 0.000000000000000000e+00 0.000000000000000000e+00 0.000000000000000000e+00 4.705882352941176405e-02 4.117647058823529216e-01 5.882352941176470507e-02 0.000000000000000000e+00 1.058823529411764691e-01
0.000000000000000000e+00 0.000000000000000000e+00 0.000000000000000000e+00 0.000000000000000000e+00 0.000000000000000000e+00 0.000000000000000000e+00 0.000000000000000000e+00 0.000000000000000000e+00 6.153846153846154188e-02 0.000000000000000000e+00 0.000000000000000000e+00 0.000000000000000000e+00 1.538461538461538547e-02 6.153846153846154188e-02 7.692307692307692735e-02 3.230769230769230949e-01 0.000000000000000000e+00 0.000000000000000000e+00 0.000000000000000000e+00 0.000000000000000000e+00 1.230769230769230838e-01 1.538461538461538547e-02 3.076923076923077094e-01 0.000000000000000000e+00 1.538461538461538547e-02
0.000000000000000000e+00 0.000000000000000000e+00 0.000000000000000000e+00 0.000000000000000000e+00 0.000000000000000000e+00 0.000000000000000000e+00 0.000000000000000000e+00 0.000000000000000000e+00 3.278688524590164105e-02 0.000000000000000000e+00 0.000000000000000000e+00 1.639344262295082053e-02 0.000000000000000000e+00 0.000000000000000000e+00 5.737704918032787010e-02 2.377049180327868716e-01 0.000000000000000000e+00 0.000000000000000000e+00 0.000000000000000000e+00 8.196721311475410263e-03 0.000000000000000000e+00 3.278688524590164105e-02 4.918032786885245811e-02 4.180327868852459217e-01 1.475409836065573743e-01
0.000000000000000000e+00 0.000000000000000000e+00 0.000000000000000000e+00 0.000000000000000000e+00 0.000000000000000000e+00 0.000000000000000000e+00 0.000000000000000000e+00 0.000000000000000000e+00 0.000000000000000000e+00 0.000000000000000000e+00 0.000000000000000000e+00 0.000000000000000000e+00 0.000000000000000000e+00 0.000000000000000000e+00 0.000000000000000000e+00 0.000000000000000000e+00 3.649635036496350071e-02 2.262773722627737238e-01 2.554744525547445258e-02 0.000000000000000000e+00 1.216545012165450154e-03 0.000000000000000000e+00 0.000000000000000000e+00 0.000000000000000000e+00 7.104622871046228916e-01
0.000000000000000000e+00 0.000000000000000000e+00 0.000000000000000000e+00 0.000000000000000000e+00 0.000000000000000000e+00 0.000000000000000000e+00 0.000000000000000000e+00 0.000000000000000000e+00 0.000000000000000000e+00 0.000000000000000000e+00 0.000000000000000000e+00 0.000000000000000000e+00 0.000000000000000000e+00 0.000000000000000000e+00 0.000000000000000000e+00 0.000000000000000000e+00 4.589371980676328761e-02 1.449275362318840597e-02 7.971014492753622505e-02 1.835748792270531504e-01 7.246376811594202987e-03 2.657004830917874399e-02 2.173913043478260809e-02 0.000000000000000000e+00 6.207729468599033629e-01
0.000000000000000000e+00 0.000000000000000000e+00 0.000000000000000000e+00 0.000000000000000000e+00 0.000000000000000000e+00 0.000000000000000000e+00 0.000000000000000000e+00 0.000000000000000000e+00 0.000000000000000000e+00 0.000000000000000000e+00 0.000000000000000000e+00 0.000000000000000000e+00 0.000000000000000000e+00 0.000000000000000000e+00 0.000000000000000000e+00 0.000000000000000000e+00 3.787878787878787984e-02 0.000000000000000000e+00 1.515151515151515194e-02 2.121212121212121271e-01 4.545454545454545581e-02 0.000000000000000000e+00 0.000000000000000000e+00 0.000000000000000000e+00 6.893939393939394478e-01
0.000000000000000000e+00 0.000000000000000000e+00 0.000000000000000000e+00 0.000000000000000000e+00 0.000000000000000000e+00 0.000000000000000000e+00 0.000000000000000000e+00 0.000000000000000000e+00 0.000000000000000000e+00 0.000000000000000000e+00 0.000000000000000000e+00 0.000000000000000000e+00 0.000000000000000000e+00 0.000000000000000000e+00 0.000000000000000000e+00 0.000000000000000000e+00 4.545454545454545581e-02 1.363636363636363570e-02 0.000000000000000000e+00 8.636363636363636465e-02 0.000000000000000000e+00 2.272727272727272790e-02 1.818181818181818094e-02 1.272727272727272596e-01 6.863636363636363980e-01
0.000000000000000000e+00 0.000000000000000000e+00 0.000000000000000000e+00 0.000000000000000000e+00 0.000000000000000000e+00 0.000000000000000000e+00 0.000000000000000000e+00 0.000000000000000000e+00 0.000000000000000000e+00 0.000000000000000000e+00 0.000000000000000000e+00 0.000000000000000000e+00 0.000000000000000000e+00 0.000000000000000000e+00 0.000000000000000000e+00 0.000000000000000000e+00 3.333333333333333287e-02 0.000000000000000000e+00 0.000000000000000000e+00 0.000000000000000000e+00 1.666666666666666644e-02 3.333333333333333148e-01 3.333333333333333287e-02 0.000000000000000000e+00 5.833333333333333703e-01
0.000000000000000000e+00 0.000000000000000000e+00 0.000000000000000000e+00 0.000000000000000000e+00 0.000000000000000000e+00 0.000000000000000000e+00 0.000000000000000000e+00 0.000000000000000000e+00 0.000000000000000000e+00 0.000000000000000000e+00 0.000000000000000000e+00 0.000000000000000000e+00 0.000000000000000000e+00 0.000000000000000000e+00 0.000000000000000000e+00 0.000000000000000000e+00 2.912621359223301065e-02 0.000000000000000000e+00 0.000000000000000000e+00 4.854368932038834877e-02 0.000000000000000000e+00 4.854368932038834877e-02 3.883495145631067624e-02 1.844660194174757295e-01 6.504854368932039277e-01
0.000000000000000000e+00 0.000000000000000000e+00 0.000000000000000000e+00 0.000000000000000000e+00 0.000000000000000000e+00 0.000000000000000000e+00 0.000000000000000000e+00 0.000000000000000000e+00 0.000000000000000000e+00 0.000000000000000000e+00 0.000000000000000000e+00 0.000000000000000000e+00 0.000000000000000000e+00 0.000000000000000000e+00 0.000000000000000000e+00 0.000000000000000000e+00 3.947368421052631360e-02 0.000000000000000000e+00 0.000000000000000000e+00 0.000000000000000000e+00 2.631578947368420907e-02 3.947368421052631360e-02 6.578947368421052266e-02 2.368421052631578816e-01 5.921052631578946901e-01
0.000000000000000000e+00 0.000000000000000000e+00 0.000000000000000000e+00 0.000000000000000000e+00 0.000000000000000000e+00 0.000000000000000000e+00 0.000000000000000000e+00 0.000000000000000000e+00 0.000000000000000000e+00 0.000000000000000000e+00 0.000000000000000000e+00 0.000000000000000000e+00 0.000000000000000000e+00 0.000000000000000000e+00 0.000000000000000000e+00 0.000000000000000000e+00 3.378378378378378566e-02 0.000000000000000000e+00 0.000000000000000000e+00 2.027027027027027140e-02 0.000000000000000000e+00 6.756756756756757132e-03 7.432432432432432845e-02 2.229729729729729715e-01 6.418918918918918859e-01
0.000000000000000000e+00 0.000000000000000000e+00 0.000000000000000000e+00 0.000000000000000000e+00 0.000000000000000000e+00 0.000000000000000000e+00 0.000000000000000000e+00 0.000000000000000000e+00 0.000000000000000000e+00 0.000000000000000000e+00 0.000000000000000000e+00 0.000000000000000000e+00 0.000000000000000000e+00 0.000000000000000000e+00 0.000000000000000000e+00 0.000000000000000000e+00 0.000000000000000000e+00 0.000000000000000000e+00 0.000000000000000000e+00 0.000000000000000000e+00 0.000000000000000000e+00 0.000000000000000000e+00 0.000000000000000000e+00 0.000000000000000000e+00 1.000000000000000000e+00
