2.719238613188307285e-02 2.664853840924540918e-01 4.826648538409245709e-02 0.000000000000000000e+00 4.758667573079538096e-03 0.000000000000000000e+00 0.000000000000000000e+00 0.000000000000000000e+00 6.532970768184908072e-01 0.000000000000000000e+00 0.000000000000000000e+00 0.000000000000000000e+00 0.000000000000000000e+00 0.000000000000000000e+00 0.000000000000000000e+00 0.000000000000000000e+00 0.000000000000000000e+00 0.000000000000000000e+00 0.000000000000000000e+00 0.000000000000000000e+00 0.000000000000000000e+00 0.000000000000000000e+00 0.000000000000000000e+00 0.000000000000000000e+00 0.000000000000000000e+00
3.045685279187817368e-02 0.000000000000000000e+00 3.299492385786802207e-02 2.385786802030456788e-01 2.538071065989847518e-03 3.045685279187817368e-02 5.076142131979695382e-02 0.000000000000000000e+00 1.015228426395939007e-02 4.467005076142132047e-01 4.568527918781725705e-02 0.000000000000000000e+00 0.000000000000000000e+00 2.538071065989847518e-03 2.538071065989847518e-03 0.000000000000000000e+00 7.614213197969543420e-03 9.898477157360406620e-02 0.000000000000000000e+00 0.000000000000000000e+00 0.000000000000000000e+00 0.000000000000000000e+00 0.000000000000000000e+00 0.000000000000000000e+00 0.000000000000000000e+00
3.846153846153846367e-02 9.615384615384615918e-03 6.730769230769230449e-02 1.826923076923076816e-01 1.923076923076923184e-02 1.057692307692307682e-01 1.923076923076923184e-02 0.000000000000000000e+00 0.000000000000000000e+00 9.615384615384615918e-03 3.269230769230769273e-01 0.000000000000000000e+00 2.115384615384615363e-01 0.000000000000000000e+00 0.000000000000000000e+00 0.000000000000000000e+00 9.615384615384615918e-03 0.000000000000000000e+00 0.000000000000000000e+00 0.000000000000000000e+00 0.000000000000000000e+00 0.000000000000000000e+00 0.000000000000000000e+00 0.000000000000000000e+00 0.000000000000000000e+00
2.419354838709677352e-02 8.064516129032257841e-03 0.000000000000000000e+00 6.451612903225806273e-02 0.000000000000000000e+00 8.064516129032257841e-03 3.225806451612903136e-02 1.612903225806451568e-01 8.064516129032257841e-03 8.064516129032257841e-03 0.000000000000000000e+00 4.193548387096774355e-01 0.000000000000000000e+00 8.064516129032257841e-02 8.064516129032257841e-02 0.000000000000000000e+00 0.000000000000000000e+00 0.000000000000000000e+00 0.000000000000000000e+00 1.612903225806451568e-02 0.000000000000000000e+00 8.870967741935484319e-02 0.000000000000000000e+00 0.000000000000000000e+00 0.000000000000000000e+00
0.000000000000000000e+00 0.000000000000000000e+00 0.000000000000000000e+00 0.000000000000000000e+00 9.090909090909091161e-02 3.636363636363636465e-01 1.818181818181818232e-01 0.000000000000000000e+00 0.000000000000000000e+00 0.000000000000000000e+00 0.000000000000000000e+00 0.000000000000000000e+00 3.636363636363636465e-01 0.000000000000000000e+00 0.000000000000000000e+00 0.000000000000000000e+00 0.000000000000000000e+00 0.000000000000000000e+00 0.000000000000000000e+00 0.000000000000000000e+00 0.000000000000000000e+00 0.000000000000000000e+00 0.000000000000000000e+00 0.000000000000000000e+00 0.000000000000000000e+00
3.125000000000000000e-02 0.000000000000000000e+00 0.000000000000000000e+00 3.125000000000000000e-02 0.000000000000000000e+00 3.125000000000000000e-02 3.125000000000000000e-02 1.875000000000000000e-01 0.000000000000000000e+00 0.000000000000000000e+00 0.000000000000000000e+00 0.000000000000000000e+00 0.000000000000000000e+00 5.625000000000000000e-01 3.125000000000000000e-02 0.000000000000000000e+00 0.000000000000000000e+00 0.000000000000000000e+00 0.000000000000000000e+00 0.000000000000000000e+00 0.000000000000000000e+00 9.375000000000000000e-02 0.000000000000000000e+00 0.000000000000000000e+00 0.000000000000000000e+00
3.448275862068965469e-02 0.000000000000000000e+00 0.000000000000000000e+00 0.000000000000000000e+00 0.000000000000000000e+00 1.379310344827586188e-01 0.000000000000000000e+00 6.896551724137930939e-02 0.000000000000000000e+00 0.000000000000000000e+00 0.000000000000000000e+00 0.000000000000000000e+00 1.724137931034482873e-01 0.000000000000000000e+00 5.517241379310344751e-01 0.000000000000000000e+00 0.000000000000000000e+00 0.000000000000000000e+00 0.000000000000000000e+00 0.000000000000000000e+00 3.448275862068965469e-02 0.000000000000000000e+00 0.000000000000000000e+00 0.000000000000000000e+00 0.000000000000000000e+00
0.000000000000000000e+00 0.000000000000000000e+00 0.000000000000000000e+00 5.000000000000000278e-02 0.000000000000000000e+00 2.500000000000000139e-02 0.000000000000000000e+00 2.500000000000000000e-01 0.000000000000000000e+00 0.000000000000000000e+00 0.000000000000000000e+00 2.500000000000000139e-02 0.000000000000000000e+00 1.250000000000000000e-01 1.000000000000000056e-01 3.750000000000000000e-01 0.000000000000000000e+00 0.000000000000000000e+00 0.000000000000000000e+00 0.000000000000000000e+00 2.500000000000000139e-02 0.000000000000000000e+00 2.500000000000000139e-02 0.000000000000000000e+00 0.000000000000000000e+00
0.000000000000000000e+00 0.000000000000000000e+00 0.000000000000000000e+00 0.000000000000000000e+00 0.000000000000000000e+00 0.000000000000000000e+00 0.000000000000000000e+00 0.000000000000000000e+00 2.556538839724680282e-02 2.458210422812192597e-01 3.834808259587020596e-02 0.000000000000000000e+00 4.916420845624385090e-03 0.000000000000000000e+00 0.000000000000000000e+00 0.000000000000000000e+00 6.853490658800392987e-01 0.000000000000000000e+00 0.000000000000000000e+00 0.000000000000000000e+00 0.000000000000000000e+00 0.000000000000000000e+00 0.000000000000000000e+00 0.000000000000000000e+00 0.000000000000000000e+00
0.000000000000000000e+00 0.000000000000000000e+00 0.000000000000000000e+00 0.000000000000000000e+00 0.000000000000000000e+00 0.000000000000000000e+00 0.000000000000000000e+00 0.000000000000000000e+00 1.388888888888888812e-02 2.314814814814814686e-03 5.555555555555555247e-02 2.384259259259259300e-01 1.388888888888888812e-02 3.472222222222222376e-02 1.620370370370370280e-02 0.000000000000000000e+00 1.620370370370370280e-02 4.791666666666666852e-01 4.629629629629629373e-02 0.000000000000000000e+00 0.000000000000000000e+00 0.000000000000000000e+00 0.000000000000000000e+00 0.000000000000000000e+00 8.333333333333332871e-02
0.000000000000000000e+00 0.000000000000000000e+00 0.000000000000000000e+00 0.000000000000000000e+00 0.000000000000000000e+00 0.000000000000000000e+00 0.000000000000000000e+00 0.000000000000000000e+00 2.400000000000000050e-02 8.000000000000000167e-03 8.000000000000000167e-02 1.360000000000000098e-01 1.600000000000000033e-02 7.199999999999999456e-02 1.600000000000000033e-02 0.000000000000000000e+00 0.000000000000000000e+00 0.000000000000000000e+00 4.400000000000000022e-01 0.000000000000000000e+00 2.000000000000000111e-01 0.000000000000000000e+00 0.000000000000000000e+00 0.000000000000000000e+00 8.000000000000000167e-03
0.000000000000000000e+00 0.000000000000000000e+00 0.000000000000000000e+00 0.000000000000000000e+00 0.000000000000000000e+00 0.000000000000000000e+00 0.000000000000000000e+00 0.000000000000000000e+00 3.589743589743589480e-02 5.128205128205128201e-03 0.000000000000000000e+00 8.717948717948717507e-02 0.000000000000000000e+00 3.076923076923077094e-02 5.128205128205128027e-02 1.487179487179487170e-01 0.000000000000000000e+00 0.000000000000000000e+00 5.128205128205128201e-03 3.948717948717948567e-01 0.000000000000000000e+00 8.205128205128205121e-02 4.102564102564102561e-02 0.000000000000000000e+00 1.179487179487179460e-01
0.000000000000000000e+00 0.000000000000000000e+00 0.000000000000000000e+00 0.000000000000000000e+00 0.000000000000000000e+00 0.000000000000000000e+00 0.000000000000000000e+00 0.000000000000000000e+00 2.272727272727272790e-02 2.272727272727272790e-02 0.000000000000000000e+00 0.000000000000000000e+00 6.818181818181817677e-02 3.636363636363636465e-01 2.272727272727272790e-02 0.000000000000000000e+00 0.000000000000000000e+00 0.000000000000000000e+00 0.000000000000000000e+00 0.000000000000000000e+00 5.000000000000000000e-01 0.000000000000000000e+00 0.000000000000000000e+00 0.000000000000000000e+00 0.000000000000000000e+00
0.000000000000000000e+00 0.000000000000000000e+00 0.000000000000000000e+00 0.000000000000000000e+00 0.000000000000000000e+00 0.000000000000000000e+00 0.000000000000000000e+00 0.000000000000000000e+00 3.409090909090908839e-02 0.000000000000000000e+00 0.000000000000000000e+00 5.681818181818181629e-02 0.000000000000000000e+00 6.818181818181817677e-02 5.681818181818181629e-02 2.045454545454545581e-01 0.000000000000000000e+00 0.000000000000000000e+00 0.000000000000000000e+00 0.000000000000000000e+00 3.409090909090908839e-02 4.318181818181818232e-01 5.681818181818181629e-02 0.000000000000000000e+00 5.681818181818181629e-02
0.000000000000000000e+00 0.000000000000000000e+00 0.000000000000000000e+00 0.000000000000000000e+00 0.000000000000000000e+00 0.000000000000000000e+00 0.000000000000000000e+00 0.000000000000000000e+00 1.428571428571428527e-02 0.000000000000000000e+00 0.000000000000000000e+00 0.000000000000000000e+00 0.000000000000000000e+00 2.857142857142857054e-02 8.571428571428571508e-02 2.428571428571428548e-01 0.000000000000000000e+00 0.000000000000000000e+00 0.000000000000000000e+00 0.000000000000000000e+00 1.285714285714285587e-01 2.857142857142857054e-02 4.571428571428571286e-01 0.000000000000000000e+00 1.428571428571428527e-02
0.000000000000000000e+00 0.000000000000000000e+00 0.000000000000000000e+00 0.000000000000000000e+00 0.000000000000000000e+00 0.000000000000000000e+00 0.000000000000000000e+00 0.000000000000000000e+00 3.883495145631067624e-02 0.000000000000000000e+00 0.000000000000000000e+00 1.941747572815533812e-02 0.000000000000000000e+00 0.000000000000000000e+00 4.854368932038834877e-02 2.427184466019417508e-01 0.000000000000000000e+00 0.000000000000000000e+00 0.000000000000000000e+00 0.000000000000000000e+00 0.000000000000000000e+00 7.766990291262135249e-02 4.854368932038834877e-02 4.271844660194174526e-01 9.708737864077669755e-02
0.000000000000000000e+00 0.000000000000000000e+00 0.000000000000000000e+00 0.000000000000000000e+00 0.000000000000000000e+00 0.000000000000000000e+00 0.000000000000000000e+00 0.000000000000000000e+00 0.000000000000000000e+00 0.000000000000000000e+00 0.000000000000000000e+00 0.000000000000000000e+00 0.000000000000000000e+00 0.000000000000000000e+00 0.000000000000000000e+00 0.000000000000000000e+00 3.534031413612565703e-02 2.342931937172774981e-01 4.581151832460732959e-02 0.000000000000000000e+00 2.617801047120419007e-03 0.000000000000000000e+00 0.000000000000000000e+00 0.000000000000000000e+00 6.819371727748690937e-01
0.000000000000000000e+00 0.000000000000000000e+00 0.000000000000000000e+00 0.000000000000000000e+00 0.000000000000000000e+00 0.000000000000000000e+00 0.000000000000000000e+00 0.000000000000000000e+00 0.000000000000000000e+00 0.000000000000000000e+00 0.000000000000000000e+00 0.000000000000000000e+00 0.000000000000000000e+00 0.000000000000000000e+00 0.000000000000000000e+00 0.000000000000000000e+00 2.528735632183908011e-02 2.298850574712643646e-02 4.367816091954022928e-02 2.068965517241379282e-01 2.298850574712643646e-03 3.218390804597701105e-02 1.839080459770114917e-02 0.000000000000000000e+00 6.482758620689654805e-01
0.000000000000000000e+00 0.000000000000000000e+00 0.000000000000000000e+00 0.000000000000000000e+00 0.000000000000000000e+00 0.000000000000000000e+00 0.000000000000000000e+00 0.000000000000000000e+00 0.000000000000000000e+00 0.000000000000000000e+00 0.000000000000000000e+00 0.000000000000000000e+00 0.000000000000000000e+00 0.000000000000000000e+00 0.000000000000000000e+00 0.000000000000000000e+00 1.418439716312056703e-02 0.000000000000000000e+00 7.801418439716312214e-02 2.340425531914893664e-01 3.546099290780142105e-02 4.255319148936170109e-02 7.092198581560283516e-03 0.000000000000000000e+00 5.886524822695035075e-01
0.000000000000000000e+00 0.000000000000000000e+00 0.000000000000000000e+00 0.000000000000000000e+00 0.000000000000000000e+00 0.000000000000000000e+00 0.000000000000000000e+00 0.000000000000000000e+00 0.000000000000000000e+00 0.000000000000000000e+00 0.000000000000000000e+00 0.000000000000000000e+00 0.000000000000000000e+00 0.000000000000000000e+00 0.000000000000000000e+00 0.000000000000000000e+00 1.826484018264840081e-02 0.000000000000000000e+00 0.000000000000000000e+00 7.762557077625570345e-02 0.000000000000000000e+00 9.132420091324200406e-03 3.652968036529680163e-02 1.598173515981735071e-01 6.986301369863013866e-01
0.000000000000000000e+00 0.000000000000000000e+00 0.000000000000000000e+00 0.000000000000000000e+00 0.000000000000000000e+00 0.000000000000000000e+00 0.000000000000000000e+00 0.000000000000000000e+00 0.000000000000000000e+00 0.000000000000000000e+00 0.000000000000000000e+00 0.000000000000000000e+00 0.000000000000000000e+00 0.000000000000000000e+00 0.000000000000000000e+00 0.000000000000000000e+00 1.369863013698630061e-02 0.000000000000000000e+00 0.000000000000000000e+00 0.000000000000000000e+00 5.479452054794520244e-02 2.876712328767123128e-01 4.109589041095890183e-02 0.000000000000000000e+00 6.027397260273972268e-01
0.000000000000000000e+00 0.000000000000000000e+00 0.000000000000000000e+00 0.000000000000000000e+00 0.000000000000000000e+00 0.000000000000000000e+00 0.000000000000000000e+00 0.000000000000000000e+00 0.000000000000000000e+00 0.000000000000000000e+00 0.000000000000000000e+00 0.000000000000000000e+00 0.000000000000000000e+00 0.000000000000000000e+00 0.000000000000000000e+00 0.000000000000000000e+00 2.173913043478260809e-02 0.000000000000000000e+00 0.000000000000000000e+00 2.898550724637681195e-02 0.000000000000000000e+00 1.086956521739130405e-01 1.449275362318840597e-02 1.884057971014492794e-01 6.376811594202898004e-01
0.000000000000000000e+00 0.000000000000000000e+00 0.000000000000000000e+00 0.000000000000000000e+00 0.000000000000000000e+00 0.000000000000000000e+00 0.000000000000000000e+00 0.000000000000000000e+00 0.000000000000000000e+00 0.000000000000000000e+00 0.000000000000000000e+00 0.000000000000000000e+00 0.000000000000000000e+00 0.000000000000000000e+00 0.000000000000000000e+00 0.000000000000000000e+00 4.347826086956521618e-02 0.000000000000000000e+00 1.086956521739130405e-02 0.000000000000000000e+00 3.260869565217391214e-02 4.347826086956521618e-02 7.608695652173913526e-02 2.500000000000000000e-01 5.434782608695651884e-01
0.000000000000000000e+00 0.000000000000000000e+00 0.000000000000000000e+00 0.000000000000000000e+00 0.000000000000000000e+00 0.000000000000000000e+00 0.000000000000000000e+00 0.000000000000000000e+00 0.000000000000000000e+00 0.000000000000000000e+00 0.000000000000000000e+00 0.000000000000000000e+00 0.000000000000000000e+00 0.000000000000000000e+00 0.000000000000000000e+00 0.000000000000000000e+00 4.069767441860465407e-02 0.000000000000000000e+00 0.000000000000000000e+00 0.000000000000000000e+00 0.000000000000000000e+00 5.813953488372092943e-03 6.395348837209302584e-02 2.616279069767442067e-01 6.279069767441860517e-01
0.000000000000000000e+00 0.000000000000000000e+00 0.000000000000000000e+00 0.000000000000000000e+00 0.000000000000000000e+00 0.000000000000000000e+00 0.000000000000000000e+00 0.000000000000000000e+00 0.000000000000000000e+00 0.000000000000000000e+00 0.000000000000000000e+00 0.000000000000000000e+00 0.000000000000000000e+00 0.000000000000000000e+00 0.000000000000000000e+00 0.000000000000000000e+00 0.000000000000000000e+00 0.000000000000000000e+00 0.000000000000000000e+00 0.000000000000000000e+00 0.000000000000000000e+00 0.000000000000000000e+00 0.000000000000000000e+00 0.000000000000000000e+00 1.000000000000000000e+00
