1.829268292682926719e-02 2.181571815718157115e-01 4.336043360433604332e-02 0.000000000000000000e+00 2.032520325203252248e-03 0.000000000000000000e+00 0.000000000000000000e+00 0.000000000000000000e+00 7.181571815718157392e-01 0.000000000000000000e+00 0.000000000000000000e+00 0.000000000000000000e+00 0.000000000000000000e+00 0.000000000000000000e+00 0.000000000000000000e+00 0.000000000000000000e+00 0.000000000000000000e+00 0.000000000000000000e+00 0.000000000000000000e+00 0.000000000000000000e+00 0.000000000000000000e+00 0.000000000000000000e+00 0.000000000000000000e+00 0.000000000000000000e+00 0.000000000000000000e+00
2.476780185758514080e-02 0.000000000000000000e+00 5.572755417956656160e-02 1.702786377708978283e-01 9.287925696594426933e-03 3.405572755417956426e-02 4.024767801857585120e-02 0.000000000000000000e+00 3.095975232198142600e-03 4.984520123839009109e-01 5.882352941176470507e-02 0.000000000000000000e+00 0.000000000000000000e+00 0.000000000000000000e+00 0.000000000000000000e+00 0.000000000000000000e+00 0.000000000000000000e+00 1.052631578947368363e-01 0.000000000000000000e+00 0.000000000000000000e+00 0.000000000000000000e+00 0.000000000000000000e+00 0.000000000000000000e+00 0.000000000000000000e+00 0.000000000000000000e+00
0.000000000000000000e+00 9.900990099009901110e-03 3.960396039603960444e-02 1.584158415841584178e-01 4.950495049504950729e-02 7.920792079207920888e-02 9.900990099009901110e-03 0.000000000000000000e+00 0.000000000000000000e+00 9.900990099009901110e-03 3.960396039603960583e-01 0.000000000000000000e+00 2.475247524752475226e-01 0.000000000000000000e+00 0.000000000000000000e+00 0.000000000000000000e+00 0.000000000000000000e+00 0.000000000000000000e+00 0.000000000000000000e+00 0.000000000000000000e+00 0.000000000000000000e+00 0.000000000000000000e+00 0.000000000000000000e+00 0.000000000000000000e+00 0.000000000000000000e+00
2.702702702702702853e-02 0.000000000000000000e+00 0.000000000000000000e+00 4.054054054054054279e-02 0.000000000000000000e+00 1.351351351351351426e-02 9.459459459459459985e-02 1.756756756756756854e-01 1.351351351351351426e-02 0.000000000000000000e+00 0.000000000000000000e+00 3.378378378378378288e-01 0.000000000000000000e+00 9.459459459459459985e-02 6.756756756756757132e-02 0.000000000000000000e+00 0.000000000000000000e+00 0.000000000000000000e+00 1.351351351351351426e-02 4.054054054054054279e-02 0.000000000000000000e+00 8.108108108108108558e-02 0.000000000000000000e+00 0.000000000000000000e+00 0.000000000000000000e+00
0.000000000000000000e+00 0.000000000000000000e+00 0.000000000000000000e+00 0.000000000000000000e+00 0.000000000000000000e+00 1.000000000000000056e-01 0.000000000000000000e+00 0.000000000000000000e+00 0.000000000000000000e+00 0.000000000000000000e+00 0.000000000000000000e+00 0.000000000000000000e+00 9.000000000000000222e-01 0.000000000000000000e+00 0.000000000000000000e+00 0.000000000000000000e+00 0.000000000000000000e+00 0.000000000000000000e+00 0.000000000000000000e+00 0.000000000000000000e+00 0.000000000000000000e+00 0.000000000000000000e+00 0.000000000000000000e+00 0.000000000000000000e+00 0.000000000000000000e+00
8.695652173913043237e-02 0.000000000000000000e+00 0.000000000000000000e+00 0.000000000000000000e+00 0.000000000000000000e+00 8.695652173913043237e-02 8.695652173913043237e-02 1.304347826086956486e-01 0.000000000000000000e+00 0.000000000000000000e+00 0.000000000000000000e+00 0.000000000000000000e+00 0.000000000000000000e+00 4.347826086956521618e-01 8.695652173913043237e-02 0.000000000000000000e+00 0.000000000000000000e+00 0.000000000000000000e+00 0.000000000000000000e+00 0.000000000000000000e+00 0.000000000000000000e+00 8.695652173913043237e-02 0.000000000000000000e+00 0.000000000000000000e+00 0.000000000000000000e+00
3.571428571428571230e-02 0.000000000000000000e+00 0.000000000000000000e+00 0.000000000000000000e+00 3.571428571428571230e-02 0.000000000000000000e+00 1.071428571428571369e-01 2.500000000000000000e-01 0.000000000000000000e+00 0.000000000000000000e+00 0.000000000000000000e+00 3.571428571428571230e-02 1.428571428571428492e-01 0.000000000000000000e+00 3.928571428571428492e-01 0.000000000000000000e+00 0.000000000000000000e+00 0.000000000000000000e+00 0.000000000000000000e+00 0.000000000000000000e+00 0.000000000000000000e+00 0.000000000000000000e+00 0.000000000000000000e+00 0.000000000000000000e+00 0.000000000000000000e+00
0.000000000000000000e+00 0.000000000000000000e+00 0.000000000000000000e+00 0.000000000000000000e+00 0.000000000000000000e+00 0.000000000000000000e+00 0.000000000000000000e+00 1.199999999999999956e-01 0.000000000000000000e+00 0.000000000000000000e+00 0.000000000000000000e+00 0.000000000000000000e+00 0.000000000000000000e+00 1.199999999999999956e-01 1.600000000000000033e-01 4.000000000000000222e-01 0.000000000000000000e+00 0.000000000000000000e+00 0.000000000000000000e+00 0.000000000000000000e+00 0.000000000000000000e+00 8.000000000000000167e-02 4.000000000000000083e-02 8.000000000000000167e-02 0.000000000000000000e+00
0.000000000000000000e+00 0.000000000000000000e+00 0.000000000000000000e+00 0.000000000000000000e+00 0.000000000000000000e+00 0.000000000000000000e+00 0.000000000000000000e+00 0.000000000000000000e+00 1.821493624772313469e-02 1.857923497267759683e-01 4.280510018214936374e-02 0.000000000000000000e+00 1.821493624772313295e-03 0.000000000000000000e+00 0.000000000000000000e+00 0.000000000000000000e+00 7.513661202185791810e-01 0.000000000000000000e+00 0.000000000000000000e+00 0.000000000000000000e+00 0.000000000000000000e+00 0.000000000000000000e+00 0.000000000000000000e+00 0.000000000000000000e+00 0.000000000000000000e+00
0.000000000000000000e+00 0.000000000000000000e+00 0.000000000000000000e+00 0.000000000000000000e+00 0.000000000000000000e+00 0.000000000000000000e+00 0.000000000000000000e+00 0.000000000000000000e+00 2.185792349726775954e-02 0.000000000000000000e+00 7.923497267759563312e-02 1.557377049180327933e-01 1.366120218579234928e-02 4.644808743169399207e-02 3.005464480874316807e-02 2.732240437158469943e-03 3.551912568306010709e-02 4.480874316939890689e-01 4.644808743169399207e-02 5.464480874316939886e-03 0.000000000000000000e+00 0.000000000000000000e+00 0.000000000000000000e+00 0.000000000000000000e+00 1.147540983606557402e-01
0.000000000000000000e+00 0.000000000000000000e+00 0.000000000000000000e+00 0.000000000000000000e+00 0.000000000000000000e+00 0.000000000000000000e+00 0.000000000000000000e+00 0.000000000000000000e+00 1.418439716312056703e-02 7.092198581560283516e-03 3.546099290780142105e-02 1.489361702127659504e-01 4.964539007092198808e-02 6.382978723404254817e-02 0.000000000000000000e+00 0.000000000000000000e+00 0.000000000000000000e+00 7.092198581560283516e-03 5.177304964539006793e-01 0.000000000000000000e+00 1.489361702127659504e-01 0.000000000000000000e+00 0.000000000000000000e+00 0.000000000000000000e+00 7.092198581560283516e-03
0.000000000000000000e+00 0.000000000000000000e+00 0.000000000000000000e+00 0.000000000000000000e+00 0.000000000000000000e+00 0.000000000000000000e+00 0.000000000000000000e+00 0.000000000000000000e+00 2.586206896551724102e-02 0.000000000000000000e+00 0.000000000000000000e+00 7.758620689655172653e-02 0.000000000000000000e+00 1.724137931034482735e-02 6.896551724137930939e-02 1.551724137931034531e-01 0.000000000000000000e+00 8.620689655172413673e-03 0.000000000000000000e+00 4.741379310344827624e-01 0.000000000000000000e+00 8.620689655172414367e-02 2.586206896551724102e-02 0.000000000000000000e+00 6.034482758620689918e-02
0.000000000000000000e+00 0.000000000000000000e+00 0.000000000000000000e+00 0.000000000000000000e+00 0.000000000000000000e+00 0.000000000000000000e+00 0.000000000000000000e+00 0.000000000000000000e+00 2.000000000000000042e-02 0.000000000000000000e+00 0.000000000000000000e+00 0.000000000000000000e+00 4.000000000000000083e-02 2.999999999999999889e-01 2.000000000000000042e-02 0.000000000000000000e+00 2.000000000000000042e-02 2.000000000000000042e-02 0.000000000000000000e+00 0.000000000000000000e+00 5.799999999999999600e-01 0.000000000000000000e+00 0.000000000000000000e+00 0.000000000000000000e+00 0.000000000000000000e+00
0.000000000000000000e+00 0.000000000000000000e+00 0.000000000000000000e+00 0.000000000000000000e+00 0.000000000000000000e+00 0.000000000000000000e+00 0.000000000000000000e+00 0.000000000000000000e+00 1.470588235294117627e-02 0.000000000000000000e+00 0.000000000000000000e+00 2.941176470588235253e-02 0.000000000000000000e+00 4.411764705882353227e-02 4.411764705882353227e-02 1.617647058823529493e-01 0.000000000000000000e+00 0.000000000000000000e+00 0.000000000000000000e+00 1.470588235294117627e-02 4.411764705882353227e-02 4.264705882352941013e-01 7.352941176470588480e-02 0.000000000000000000e+00 1.470588235294117696e-01
0.000000000000000000e+00 0.000000000000000000e+00 0.000000000000000000e+00 0.000000000000000000e+00 0.000000000000000000e+00 0.000000000000000000e+00 0.000000000000000000e+00 0.000000000000000000e+00 3.508771929824561209e-02 0.000000000000000000e+00 0.000000000000000000e+00 0.000000000000000000e+00 0.000000000000000000e+00 3.508771929824561209e-02 5.263157894736841813e-02 2.456140350877192846e-01 0.000000000000000000e+00 0.000000000000000000e+00 0.000000000000000000e+00 0.000000000000000000e+00 1.052631578947368363e-01 5.263157894736841813e-02 4.736842105263157632e-01 0.000000000000000000e+00 0.000000000000000000e+00
0.000000000000000000e+00 0.000000000000000000e+00 0.000000000000000000e+00 0.000000000000000000e+00 0.000000000000000000e+00 0.000000000000000000e+00 0.000000000000000000e+00 0.000000000000000000e+00 0.000000000000000000e+00 0.000000000000000000e+00 0.000000000000000000e+00 0.000000000000000000e+00 0.000000000000000000e+00 0.000000000000000000e+00 9.090909090909091161e-02 2.121212121212121271e-01 0.000000000000000000e+00 0.000000000000000000e+00 0.000000000000000000e+00 0.000000000000000000e+00 0.000000000000000000e+00 4.545454545454545581e-02 9.090909090909091161e-02 4.848484848484848619e-01 7.575757575757575968e-02
0.000000000000000000e+00 0.000000000000000000e+00 0.000000000000000000e+00 0.000000000000000000e+00 0.000000000000000000e+00 0.000000000000000000e+00 0.000000000000000000e+00 0.000000000000000000e+00 0.000000000000000000e+00 0.000000000000000000e+00 0.000000000000000000e+00 0.000000000000000000e+00 0.000000000000000000e+00 0.000000000000000000e+00 0.000000000000000000e+00 0.000000000000000000e+00 3.452115812917594395e-02 2.104677060133630373e-01 5.122494432071269393e-02 0.000000000000000000e+00 6.681514476614699473e-03 0.000000000000000000e+00 0.000000000000000000e+00 0.000000000000000000e+00 6.971046770601336817e-01
0.000000000000000000e+00 0.000000000000000000e+00 0.000000000000000000e+00 0.000000000000000000e+00 0.000000000000000000e+00 0.000000000000000000e+00 0.000000000000000000e+00 0.000000000000000000e+00 0.000000000000000000e+00 0.000000000000000000e+00 0.000000000000000000e+00 0.000000000000000000e+00 0.000000000000000000e+00 0.000000000000000000e+00 0.000000000000000000e+00 0.000000000000000000e+00 1.745635910224438772e-02 1.745635910224438772e-02 8.977556109725685907e-02 1.421446384039900257e-01 2.493765586034912655e-03 3.990024937655860249e-02 1.995012468827930124e-02 0.000000000000000000e+00 6.708229426433914844e-01
0.000000000000000000e+00 0.000000000000000000e+00 0.000000000000000000e+00 0.000000000000000000e+00 0.000000000000000000e+00 0.000000000000000000e+00 0.000000000000000000e+00 0.000000000000000000e+00 0.000000000000000000e+00 0.000000000000000000e+00 0.000000000000000000e+00 0.000000000000000000e+00 0.000000000000000000e+00 0.000000000000000000e+00 0.000000000000000000e+00 0.000000000000000000e+00 1.685393258426966245e-02 0.000000000000000000e+00 5.056179775280898736e-02 2.640449438202246979e-01 2.808988764044943742e-02 1.123595505617977497e-02 0.000000000000000000e+00 0.000000000000000000e+00 6.292134831460673983e-01
0.000000000000000000e+00 0.000000000000000000e+00 0.000000000000000000e+00 0.000000000000000000e+00 0.000000000000000000e+00 0.000000000000000000e+00 0.000000000000000000e+00 0.000000000000000000e+00 0.000000000000000000e+00 0.000000000000000000e+00 0.000000000000000000e+00 0.000000000000000000e+00 0.000000000000000000e+00 0.000000000000000000e+00 0.000000000000000000e+00 0.000000000000000000e+00 3.846153846153846367e-02 2.197802197802197974e-02 5.494505494505494934e-03 8.791208791208791895e-02 0.000000000000000000e+00 2.747252747252747207e-02 3.846153846153846367e-02 1.208791208791208799e-01 6.593406593406593297e-01
0.000000000000000000e+00 0.000000000000000000e+00 0.000000000000000000e+00 0.000000000000000000e+00 0.000000000000000000e+00 0.000000000000000000e+00 0.000000000000000000e+00 0.000000000000000000e+00 0.000000000000000000e+00 0.000000000000000000e+00 0.000000000000000000e+00 0.000000000000000000e+00 0.000000000000000000e+00 0.000000000000000000e+00 0.000000000000000000e+00 0.000000000000000000e+00 0.000000000000000000e+00 0.000000000000000000e+00 0.000000000000000000e+00 0.000000000000000000e+00 2.857142857142857054e-02 2.714285714285714080e-01 2.857142857142857054e-02 0.000000000000000000e+00 6.714285714285713746e-01
0.000000000000000000e+00 0.000000000000000000e+00 0.000000000000000000e+00 0.000000000000000000e+00 0.000000000000000000e+00 0.000000000000000000e+00 0.000000000000000000e+00 0.000000000000000000e+00 0.000000000000000000e+00 0.000000000000000000e+00 0.000000000000000000e+00 0.000000000000000000e+00 0.000000000000000000e+00 0.000000000000000000e+00 0.000000000000000000e+00 0.000000000000000000e+00 1.923076923076923184e-02 0.000000000000000000e+00 0.000000000000000000e+00 2.884615384615384776e-02 0.000000000000000000e+00 4.807692307692307959e-02 2.884615384615384776e-02 1.538461538461538547e-01 7.211538461538461453e-01
0.000000000000000000e+00 0.000000000000000000e+00 0.000000000000000000e+00 0.000000000000000000e+00 0.000000000000000000e+00 0.000000000000000000e+00 0.000000000000000000e+00 0.000000000000000000e+00 0.000000000000000000e+00 0.000000000000000000e+00 0.000000000000000000e+00 0.000000000000000000e+00 0.000000000000000000e+00 0.000000000000000000e+00 0.000000000000000000e+00 0.000000000000000000e+00 2.857142857142857054e-02 0.000000000000000000e+00 0.000000000000000000e+00 0.000000000000000000e+00 2.857142857142857054e-02 2.857142857142857054e-02 4.285714285714285754e-02 2.285714285714285643e-01 6.428571428571429047e-01
0.000000000000000000e+00 0.000000000000000000e+00 0.000000000000000000e+00 0.000000000000000000e+00 0.000000000000000000e+00 0.000000000000000000e+00 0.000000000000000000e+00 0.000000000000000000e+00 0.000000000000000000e+00 0.000000000000000000e+00 0.000000000000000000e+00 0.000000000000000000e+00 0.000000000000000000e+00 0.000000000000000000e+00 0.000000000000000000e+00 0.000000000000000000e+00 8.928571428571428770e-02 0.000000000000000000e+00 0.000000000000000000e+00 8.928571428571428076e-03 0.000000000000000000e+00 0.000000000000000000e+00 2.678571428571428423e-02 2.232142857142857262e-01 6.517857142857143016e-01
0.000000000000000000e+00 0.000000000000000000e+00 0.000000000000000000e+00 0.000000000000000000e+00 0.000000000000000000e+00 0.000000000000000000e+00 0.000000000000000000e+00 0.000000000000000000e+00 0.000000000000000000e+00 0.000000000000000000e+00 0.000000000000000000e+00 0.000000000000000000e+00 0.000000000000000000e+00 0.000000000000000000e+00 0.000000000000000000e+00 0.000000000000000000e+00 0.000000000000000000e+00 0.000000000000000000e+00 0.000000000000000000e+00 0.000000000000000000e+00 0.000000000000000000e+00 0.000000000000000000e+00 0.000000000000000000e+00 0.000000000000000000e+00 1.000000000000000000e+00
