2.624495289367429277e-02 2.207267833109017585e-01 3.364737550471063460e-02 0.000000000000000000e+00 5.383580080753701258e-03 0.000000000000000000e+00 0.000000000000000000e+00 0.000000000000000000e+00 7.139973082099596580e-01 0.000000000000000000e+00 0.000000000000000000e+00 0.000000000000000000e+00 0.000000000000000000e+00 0.000000000000000000e+00 0.000000000000000000e+00 0.000000000000000000e+00 0.000000000000000000e+00 0.000000000000000000e+00 0.000000000000000000e+00 0.000000000000000000e+00 0.000000000000000000e+00 0.000000000000000000e+00 0.000000000000000000e+00 0.000000000000000000e+00 0.000000000000000000e+00
2.743902439024390252e-02 0.000000000000000000e+00 6.097560975609755962e-02 1.646341463414634221e-01 9.146341463414633596e-03 4.268292682926829590e-02 4.878048780487805047e-02 0.000000000000000000e+00 2.134146341463414795e-02 4.359756097560975596e-01 9.451219512195122019e-02 0.000000000000000000e+00 0.000000000000000000e+00 0.000000000000000000e+00 0.000000000000000000e+00 0.000000000000000000e+00 6.097560975609756309e-03 8.841463414634145868e-02 0.000000000000000000e+00 0.000000000000000000e+00 0.000000000000000000e+00 0.000000000000000000e+00 0.000000000000000000e+00 0.000000000000000000e+00 0.000000000000000000e+00
4.651162790697674354e-02 1.162790697674418589e-02 2.325581395348837177e-02 2.093023255813953598e-01 0.000000000000000000e+00 4.651162790697674354e-02 2.325581395348837177e-02 0.000000000000000000e+00 3.488372093023255766e-02 0.000000000000000000e+00 3.837209302325581550e-01 0.000000000000000000e+00 2.209302325581395388e-01 0.000000000000000000e+00 0.000000000000000000e+00 0.000000000000000000e+00 0.000000000000000000e+00 0.000000000000000000e+00 0.000000000000000000e+00 0.000000000000000000e+00 0.000000000000000000e+00 0.000000000000000000e+00 0.000000000000000000e+00 0.000000000000000000e+00 0.000000000000000000e+00
4.938271604938271331e-02 0.000000000000000000e+00 0.000000000000000000e+00 6.172839506172839164e-02 0.000000000000000000e+00 1.234567901234567833e-02 3.703703703703703498e-02 1.481481481481481399e-01 0.000000000000000000e+00 0.000000000000000000e+00 0.000000000000000000e+00 4.197530864197530631e-01 0.000000000000000000e+00 1.111111111111111049e-01 4.938271604938271331e-02 0.000000000000000000e+00 0.000000000000000000e+00 0.000000000000000000e+00 0.000000000000000000e+00 1.234567901234567833e-02 0.000000000000000000e+00 9.876543209876542662e-02 0.000000000000000000e+00 0.000000000000000000e+00 0.000000000000000000e+00
0.000000000000000000e+00 0.000000000000000000e+00 0.000000000000000000e+00 0.000000000000000000e+00 7.142857142857142461e-02 5.000000000000000000e-01 7.142857142857142461e-02 0.000000000000000000e+00 0.000000000000000000e+00 0.000000000000000000e+00 0.000000000000000000e+00 0.000000000000000000e+00 3.571428571428571508e-01 0.000000000000000000e+00 0.000000000000000000e+00 0.000000000000000000e+00 0.000000000000000000e+00 0.000000000000000000e+00 0.000000000000000000e+00 0.000000000000000000e+00 0.000000000000000000e+00 0.000000000000000000e+00 0.000000000000000000e+00 0.000000000000000000e+00 0.000000000000000000e+00
0.000000000000000000e+00 0.000000000000000000e+00 0.000000000000000000e+00 7.407407407407406996e-02 0.000000000000000000e+00 3.703703703703703498e-02 3.703703703703703498e-02 1.851851851851851749e-01 0.000000000000000000e+00 0.000000000000000000e+00 0.000000000000000000e+00 3.703703703703703498e-02 0.000000000000000000e+00 4.814814814814814548e-01 3.703703703703703498e-02 0.000000000000000000e+00 0.000000000000000000e+00 0.000000000000000000e+00 0.000000000000000000e+00 0.000000000000000000e+00 0.000000000000000000e+00 1.111111111111111049e-01 0.000000000000000000e+00 0.000000000000000000e+00 0.000000000000000000e+00
0.000000000000000000e+00 0.000000000000000000e+00 0.000000000000000000e+00 0.000000000000000000e+00 8.000000000000000167e-02 4.000000000000000083e-02 4.000000000000000083e-02 8.000000000000000167e-02 0.000000000000000000e+00 0.000000000000000000e+00 0.000000000000000000e+00 0.000000000000000000e+00 8.000000000000000167e-02 0.000000000000000000e+00 6.400000000000000133e-01 0.000000000000000000e+00 0.000000000000000000e+00 0.000000000000000000e+00 0.000000000000000000e+00 0.000000000000000000e+00 4.000000000000000083e-02 0.000000000000000000e+00 0.000000000000000000e+00 0.000000000000000000e+00 0.000000000000000000e+00
0.000000000000000000e+00 0.000000000000000000e+00 0.000000000000000000e+00 4.347826086956521618e-02 0.000000000000000000e+00 0.000000000000000000e+00 4.347826086956521618e-02 2.173913043478260809e-01 0.000000000000000000e+00 0.000000000000000000e+00 0.000000000000000000e+00 0.000000000000000000e+00 0.000000000000000000e+00 8.695652173913043237e-02 4.347826086956521618e-02 5.652173913043477826e-01 0.000000000000000000e+00 0.000000000000000000e+00 0.000000000000000000e+00 0.000000000000000000e+00 0.000000000000000000e+00 0.000000000000000000e+00 0.000000000000000000e+00 0.000000000000000000e+00 0.000000000000000000e+00
0.000000000000000000e+00 0.000000000000000000e+00 0.000000000000000000e+00 0.000000000000000000e+00 0.000000000000000000e+00 0.000000000000000000e+00 0.000000000000000000e+00 0.000000000000000000e+00 2.327663384064458316e-02 2.327663384064458385e-01 3.581020590868397302e-02 0.000000000000000000e+00 7.162041181736794951e-03 0.000000000000000000e+00 0.000000000000000000e+00 0.000000000000000000e+00 7.009847806624888156e-01 0.000000000000000000e+00 0.000000000000000000e+00 0.000000000000000000e+00 0.000000000000000000e+00 0.000000000000000000e+00 0.000000000000000000e+00 0.000000000000000000e+00 0.000000000000000000e+00
0.000000000000000000e+00 0.000000000000000000e+00 0.000000000000000000e+00 0.000000000000000000e+00 0.000000000000000000e+00 0.000000000000000000e+00 0.000000000000000000e+00 0.000000000000000000e+00 2.233250620347394452e-02 0.000000000000000000e+00 6.203473945409429535e-02 2.084367245657568202e-01 0.000000000000000000e+00 5.459057071960297935e-02 3.722084367245657305e-02 0.000000000000000000e+00 2.481389578163771883e-02 4.441687344913151092e-01 5.459057071960297935e-02 2.481389578163771710e-03 2.481389578163771710e-03 0.000000000000000000e+00 0.000000000000000000e+00 0.000000000000000000e+00 8.684863523573201072e-02
0.000000000000000000e+00 0.000000000000000000e+00 0.000000000000000000e+00 0.000000000000000000e+00 0.000000000000000000e+00 0.000000000000000000e+00 0.000000000000000000e+00 0.000000000000000000e+00 7.407407407407407690e-03 0.000000000000000000e+00 3.703703703703703498e-02 1.925925925925925930e-01 3.703703703703703498e-02 5.925925925925926152e-02 7.407407407407407690e-03 0.000000000000000000e+00 0.000000000000000000e+00 7.407407407407407690e-03 4.666666666666666741e-01 0.000000000000000000e+00 1.777777777777777846e-01 0.000000000000000000e+00 0.000000000000000000e+00 0.000000000000000000e+00 7.407407407407407690e-03
0.000000000000000000e+00 0.000000000000000000e+00 0.000000000000000000e+00 0.000000000000000000e+00 0.000000000000000000e+00 0.000000000000000000e+00 0.000000000000000000e+00 0.000000000000000000e+00 4.294478527607362150e-02 0.000000000000000000e+00 0.000000000000000000e+00 9.815950920245399003e-02 0.000000000000000000e+00 1.226993865030674875e-02 1.226993865030674875e-02 1.226993865030674841e-01 0.000000000000000000e+00 0.000000000000000000e+00 1.840490797546012400e-02 4.662576687116564145e-01 0.000000000000000000e+00 8.588957055214724301e-02 3.680981595092024800e-02 0.000000000000000000e+00 1.042944785276073566e-01
0.000000000000000000e+00 0.000000000000000000e+00 0.000000000000000000e+00 0.000000000000000000e+00 0.000000000000000000e+00 0.000000000000000000e+00 0.000000000000000000e+00 0.000000000000000000e+00 0.000000000000000000e+00 0.000000000000000000e+00 0.000000000000000000e+00 0.000000000000000000e+00 2.500000000000000139e-02 1.749999999999999889e-01 2.500000000000000139e-02 0.000000000000000000e+00 2.500000000000000139e-02 1.000000000000000056e-01 0.000000000000000000e+00 0.000000000000000000e+00 6.250000000000000000e-01 0.000000000000000000e+00 0.000000000000000000e+00 0.000000000000000000e+00 2.500000000000000139e-02
0.000000000000000000e+00 0.000000000000000000e+00 0.000000000000000000e+00 0.000000000000000000e+00 0.000000000000000000e+00 0.000000000000000000e+00 0.000000000000000000e+00 0.000000000000000000e+00 1.315789473684210453e-02 0.000000000000000000e+00 0.000000000000000000e+00 3.947368421052631360e-02 0.000000000000000000e+00 1.052631578947368363e-01 3.947368421052631360e-02 1.052631578947368363e-01 0.000000000000000000e+00 0.000000000000000000e+00 0.000000000000000000e+00 0.000000000000000000e+00 5.263157894736841813e-02 5.131578947368421462e-01 5.263157894736841813e-02 0.000000000000000000e+00 7.894736842105262720e-02
0.000000000000000000e+00 0.000000000000000000e+00 0.000000000000000000e+00 0.000000000000000000e+00 0.000000000000000000e+00 0.000000000000000000e+00 0.000000000000000000e+00 0.000000000000000000e+00 0.000000000000000000e+00 0.000000000000000000e+00 0.000000000000000000e+00 0.000000000000000000e+00 5.660377358490566169e-02 9.433962264150944077e-02 5.660377358490566169e-02 1.320754716981132060e-01 0.000000000000000000e+00 0.000000000000000000e+00 0.000000000000000000e+00 0.000000000000000000e+00 2.075471698113207641e-01 3.773584905660377214e-02 3.207547169811320598e-01 0.000000000000000000e+00 9.433962264150944077e-02
0.000000000000000000e+00 0.000000000000000000e+00 0.000000000000000000e+00 0.000000000000000000e+00 0.000000000000000000e+00 0.000000000000000000e+00 0.000000000000000000e+00 0.000000000000000000e+00 4.838709677419354704e-02 0.000000000000000000e+00 0.000000000000000000e+00 0.000000000000000000e+00 0.000000000000000000e+00 1.612903225806451568e-02 6.451612903225806273e-02 2.258064516129032195e-01 0.000000000000000000e+00 0.000000000000000000e+00 0.000000000000000000e+00 0.000000000000000000e+00 0.000000000000000000e+00 1.290322580645161255e-01 3.225806451612903136e-02 4.354838709677419373e-01 4.838709677419354704e-02
0.000000000000000000e+00 0.000000000000000000e+00 0.000000000000000000e+00 0.000000000000000000e+00 0.000000000000000000e+00 0.000000000000000000e+00 0.000000000000000000e+00 0.000000000000000000e+00 0.000000000000000000e+00 0.000000000000000000e+00 0.000000000000000000e+00 0.000000000000000000e+00 0.000000000000000000e+00 0.000000000000000000e+00 0.000000000000000000e+00 0.000000000000000000e+00 2.962085308056872091e-02 1.990521327014218023e-01 4.265402843601896060e-02 0.000000000000000000e+00 5.924170616113743661e-03 0.000000000000000000e+00 0.000000000000000000e+00 0.000000000000000000e+00 7.227488151658767457e-01
0.000000000000000000e+00 0.000000000000000000e+00 0.000000000000000000e+00 0.000000000000000000e+00 0.000000000000000000e+00 0.000000000000000000e+00 0.000000000000000000e+00 0.000000000000000000e+00 0.000000000000000000e+00 0.000000000000000000e+00 0.000000000000000000e+00 0.000000000000000000e+00 0.000000000000000000e+00 0.000000000000000000e+00 0.000000000000000000e+00 0.000000000000000000e+00 2.307692307692307820e-02 2.307692307692307820e-02 7.948717948717948234e-02 1.615384615384615474e-01 0.000000000000000000e+00 5.641025641025641107e-02 2.564102564102564100e-03 0.000000000000000000e+00 6.538461538461538547e-01
0.000000000000000000e+00 0.000000000000000000e+00 0.000000000000000000e+00 0.000000000000000000e+00 0.000000000000000000e+00 0.000000000000000000e+00 0.000000000000000000e+00 0.000000000000000000e+00 0.000000000000000000e+00 0.000000000000000000e+00 0.000000000000000000e+00 0.000000000000000000e+00 0.000000000000000000e+00 0.000000000000000000e+00 0.000000000000000000e+00 0.000000000000000000e+00 3.030303030303030387e-02 0.000000000000000000e+00 7.878787878787878174e-02 1.939393939393939392e-01 6.060606060606060774e-02 0.000000000000000000e+00 0.000000000000000000e+00 0.000000000000000000e+00 6.363636363636363535e-01
0.000000000000000000e+00 0.000000000000000000e+00 0.000000000000000000e+00 0.000000000000000000e+00 0.000000000000000000e+00 0.000000000000000000e+00 0.000000000000000000e+00 0.000000000000000000e+00 0.000000000000000000e+00 0.000000000000000000e+00 0.000000000000000000e+00 0.000000000000000000e+00 0.000000000000000000e+00 0.000000000000000000e+00 0.000000000000000000e+00 0.000000000000000000e+00 2.564102564102564014e-02 1.025641025641025640e-02 0.000000000000000000e+00 7.692307692307692735e-02 0.000000000000000000e+00 2.051282051282051280e-02 3.589743589743589480e-02 1.435897435897435792e-01 6.871794871794871806e-01
0.000000000000000000e+00 0.000000000000000000e+00 0.000000000000000000e+00 0.000000000000000000e+00 0.000000000000000000e+00 0.000000000000000000e+00 0.000000000000000000e+00 0.000000000000000000e+00 0.000000000000000000e+00 0.000000000000000000e+00 0.000000000000000000e+00 0.000000000000000000e+00 0.000000000000000000e+00 0.000000000000000000e+00 0.000000000000000000e+00 0.000000000000000000e+00 3.749999999999999861e-02 0.000000000000000000e+00 0.000000000000000000e+00 0.000000000000000000e+00 1.250000000000000069e-02 3.375000000000000222e-01 5.000000000000000278e-02 0.000000000000000000e+00 5.625000000000000000e-01
0.000000000000000000e+00 0.000000000000000000e+00 0.000000000000000000e+00 0.000000000000000000e+00 0.000000000000000000e+00 0.000000000000000000e+00 0.000000000000000000e+00 0.000000000000000000e+00 0.000000000000000000e+00 0.000000000000000000e+00 0.000000000000000000e+00 0.000000000000000000e+00 0.000000000000000000e+00 0.000000000000000000e+00 0.000000000000000000e+00 0.000000000000000000e+00 4.195804195804195974e-02 0.000000000000000000e+00 0.000000000000000000e+00 6.293706293706294308e-02 0.000000000000000000e+00 1.048951048951048959e-01 6.293706293706294308e-02 9.090909090909091161e-02 6.363636363636363535e-01
0.000000000000000000e+00 0.000000000000000000e+00 0.000000000000000000e+00 0.000000000000000000e+00 0.000000000000000000e+00 0.000000000000000000e+00 0.000000000000000000e+00 0.000000000000000000e+00 0.000000000000000000e+00 0.000000000000000000e+00 0.000000000000000000e+00 0.000000000000000000e+00 0.000000000000000000e+00 0.000000000000000000e+00 0.000000000000000000e+00 0.000000000000000000e+00 1.694915254237288130e-02 0.000000000000000000e+00 1.694915254237288130e-02 0.000000000000000000e+00 0.000000000000000000e+00 0.000000000000000000e+00 3.389830508474576259e-02 2.711864406779661008e-01 6.610169491525423879e-01
0.000000000000000000e+00 0.000000000000000000e+00 0.000000000000000000e+00 0.000000000000000000e+00 0.000000000000000000e+00 0.000000000000000000e+00 0.000000000000000000e+00 0.000000000000000000e+00 0.000000000000000000e+00 0.000000000000000000e+00 0.000000000000000000e+00 0.000000000000000000e+00 0.000000000000000000e+00 0.000000000000000000e+00 0.000000000000000000e+00 0.000000000000000000e+00 1.030927835051546372e-02 0.000000000000000000e+00 0.000000000000000000e+00 3.092783505154639290e-02 0.000000000000000000e+00 1.030927835051546372e-02 6.185567010309278579e-02 1.443298969072164817e-01 7.422680412371134295e-01
0.000000000000000000e+00 0.000000000000000000e+00 0.000000000000000000e+00 0.000000000000000000e+00 0.000000000000000000e+00 0.000000000000000000e+00 0.000000000000000000e+00 0.000000000000000000e+00 0.000000000000000000e+00 0.000000000000000000e+00 0.000000000000000000e+00 0.000000000000000000e+00 0.000000000000000000e+00 0.000000000000000000e+00 0.000000000000000000e+00 0.000000000000000000e+00 0.000000000000000000e+00 0.000000000000000000e+00 0.000000000000000000e+00 0.000000000000000000e+00 0.000000000000000000e+00 0.000000000000000000e+00 0.000000000000000000e+00 0.000000000000000000e+00 1.000000000000000000e+00
