1.769911504424778736e-02 2.300884955752212357e-01 4.697072838665759115e-02 0.000000000000000000e+00 3.403675970047651250e-03 0.000000000000000000e+00 0.000000000000000000e+00 0.000000000000000000e+00 7.018379850238257722e-01 0.000000000000000000e+00 0.000000000000000000e+00 0.000000000000000000e+00 0.000000000000000000e+00 0.000000000000000000e+00 0.000000000000000000e+00 0.000000000000000000e+00 0.000000000000000000e+00 0.000000000000000000e+00 0.000000000000000000e+00 0.000000000000000000e+00 0.000000000000000000e+00 0.000000000000000000e+00 0.000000000000000000e+00 0.000000000000000000e+00 0.000000000000000000e+00
3.244837758112094350e-02 0.000000000000000000e+00 4.129793510324483718e-02 2.094395280235988310e-01 2.949852507374631227e-03 4.719764011799409964e-02 4.424778761061946841e-02 0.000000000000000000e+00 2.949852507374631227e-03 4.955752212389380462e-01 3.834808259587020596e-02 0.000000000000000000e+00 0.000000000000000000e+00 0.000000000000000000e+00 0.000000000000000000e+00 0.000000000000000000e+00 8.849557522123893682e-03 7.669616519174041191e-02 0.000000000000000000e+00 0.000000000000000000e+00 0.000000000000000000e+00 0.000000000000000000e+00 0.000000000000000000e+00 0.000000000000000000e+00 0.000000000000000000e+00
1.886792452830188607e-02 9.433962264150943036e-03 2.830188679245283084e-02 1.320754716981132060e-01 9.433962264150943036e-03 9.433962264150944077e-02 1.886792452830188607e-02 0.000000000000000000e+00 0.000000000000000000e+00 9.433962264150943036e-03 3.962264150943396457e-01 0.000000000000000000e+00 2.735849056603773533e-01 0.000000000000000000e+00 0.000000000000000000e+00 0.000000000000000000e+00 9.433962264150943036e-03 0.000000000000000000e+00 0.000000000000000000e+00 0.000000000000000000e+00 0.000000000000000000e+00 0.000000000000000000e+00 0.000000000000000000e+00 0.000000000000000000e+00 0.000000000000000000e+00
0.000000000000000000e+00 0.000000000000000000e+00 0.000000000000000000e+00 3.370786516853932491e-02 0.000000000000000000e+00 0.000000000000000000e+00 4.494382022471909988e-02 1.460674157303370746e-01 0.000000000000000000e+00 0.000000000000000000e+00 3.370786516853932491e-02 4.157303370786517016e-01 0.000000000000000000e+00 1.123595505617977497e-01 1.123595505617977497e-01 0.000000000000000000e+00 0.000000000000000000e+00 0.000000000000000000e+00 2.247191011235954994e-02 0.000000000000000000e+00 0.000000000000000000e+00 7.865168539325842478e-02 0.000000000000000000e+00 0.000000000000000000e+00 0.000000000000000000e+00
0.000000000000000000e+00 0.000000000000000000e+00 0.000000000000000000e+00 0.000000000000000000e+00 0.000000000000000000e+00 4.285714285714285476e-01 1.428571428571428492e-01 0.000000000000000000e+00 0.000000000000000000e+00 0.000000000000000000e+00 0.000000000000000000e+00 0.000000000000000000e+00 4.285714285714285476e-01 0.000000000000000000e+00 0.000000000000000000e+00 0.000000000000000000e+00 0.000000000000000000e+00 0.000000000000000000e+00 0.000000000000000000e+00 0.000000000000000000e+00 0.000000000000000000e+00 0.000000000000000000e+00 0.000000000000000000e+00 0.000000000000000000e+00 0.000000000000000000e+00
3.125000000000000000e-02 0.000000000000000000e+00 0.000000000000000000e+00 3.125000000000000000e-02 0.000000000000000000e+00 6.250000000000000000e-02 3.125000000000000000e-02 2.500000000000000000e-01 0.000000000000000000e+00 0.000000000000000000e+00 0.000000000000000000e+00 0.000000000000000000e+00 0.000000000000000000e+00 5.000000000000000000e-01 6.250000000000000000e-02 0.000000000000000000e+00 0.000000000000000000e+00 0.000000000000000000e+00 0.000000000000000000e+00 0.000000000000000000e+00 0.000000000000000000e+00 3.125000000000000000e-02 0.000000000000000000e+00 0.000000000000000000e+00 0.000000000000000000e+00
7.692307692307692735e-02 0.000000000000000000e+00 0.000000000000000000e+00 0.000000000000000000e+00 0.000000000000000000e+00 1.153846153846153910e-01 3.846153846153846367e-02 1.153846153846153910e-01 0.000000000000000000e+00 0.000000000000000000e+00 0.000000000000000000e+00 0.000000000000000000e+00 2.307692307692307820e-01 0.000000000000000000e+00 4.230769230769230727e-01 0.000000000000000000e+00 0.000000000000000000e+00 0.000000000000000000e+00 0.000000000000000000e+00 0.000000000000000000e+00 0.000000000000000000e+00 0.000000000000000000e+00 0.000000000000000000e+00 0.000000000000000000e+00 0.000000000000000000e+00
7.894736842105262720e-02 0.000000000000000000e+00 0.000000000000000000e+00 0.000000000000000000e+00 0.000000000000000000e+00 0.000000000000000000e+00 5.263157894736841813e-02 3.421052631578947456e-01 0.000000000000000000e+00 0.000000000000000000e+00 0.000000000000000000e+00 0.000000000000000000e+00 2.631578947368420907e-02 2.631578947368420907e-02 7.894736842105262720e-02 3.157894736842105088e-01 0.000000000000000000e+00 0.000000000000000000e+00 0.000000000000000000e+00 2.631578947368420907e-02 0.000000000000000000e+00 0.000000000000000000e+00 2.631578947368420907e-02 2.631578947368420907e-02 0.000000000000000000e+00
0.000000000000000000e+00 0.000000000000000000e+00 0.000000000000000000e+00 0.000000000000000000e+00 0.000000000000000000e+00 0.000000000000000000e+00 0.000000000000000000e+00 0.000000000000000000e+00 2.672811059907834186e-02 2.414746543778801824e-01 4.147465437788018516e-02 0.000000000000000000e+00 2.764976958525345620e-03 0.000000000000000000e+00 0.000000000000000000e+00 0.000000000000000000e+00 6.875576036866359875e-01 0.000000000000000000e+00 0.000000000000000000e+00 0.000000000000000000e+00 0.000000000000000000e+00 0.000000000000000000e+00 0.000000000000000000e+00 0.000000000000000000e+00 0.000000000000000000e+00
0.000000000000000000e+00 0.000000000000000000e+00 0.000000000000000000e+00 0.000000000000000000e+00 0.000000000000000000e+00 0.000000000000000000e+00 0.000000000000000000e+00 0.000000000000000000e+00 2.083333333333333218e-02 2.314814814814814686e-03 5.787037037037037063e-02 2.222222222222222099e-01 4.629629629629629373e-03 2.777777777777777624e-02 2.546296296296296155e-02 0.000000000000000000e+00 1.388888888888888812e-02 5.023148148148147696e-01 3.703703703703703498e-02 0.000000000000000000e+00 6.944444444444444059e-03 0.000000000000000000e+00 0.000000000000000000e+00 0.000000000000000000e+00 7.870370370370370627e-02
0.000000000000000000e+00 0.000000000000000000e+00 0.000000000000000000e+00 0.000000000000000000e+00 0.000000000000000000e+00 0.000000000000000000e+00 0.000000000000000000e+00 0.000000000000000000e+00 1.515151515151515194e-02 7.575757575757575968e-03 3.030303030303030387e-02 1.969696969696969613e-01 6.060606060606060774e-02 6.060606060606060774e-02 7.575757575757575968e-03 0.000000000000000000e+00 7.575757575757575968e-03 7.575757575757575968e-03 4.621212121212120993e-01 0.000000000000000000e+00 1.363636363636363535e-01 0.000000000000000000e+00 0.000000000000000000e+00 0.000000000000000000e+00 7.575757575757575968e-03
0.000000000000000000e+00 0.000000000000000000e+00 0.000000000000000000e+00 0.000000000000000000e+00 0.000000000000000000e+00 0.000000000000000000e+00 0.000000000000000000e+00 0.000000000000000000e+00 4.571428571428571425e-02 0.000000000000000000e+00 0.000000000000000000e+00 8.571428571428571508e-02 0.000000000000000000e+00 1.714285714285714371e-02 4.571428571428571425e-02 1.371428571428571497e-01 0.000000000000000000e+00 1.714285714285714371e-02 5.714285714285714281e-03 4.228571428571428759e-01 0.000000000000000000e+00 8.571428571428571508e-02 4.000000000000000083e-02 0.000000000000000000e+00 9.714285714285714191e-02
0.000000000000000000e+00 0.000000000000000000e+00 0.000000000000000000e+00 0.000000000000000000e+00 0.000000000000000000e+00 0.000000000000000000e+00 0.000000000000000000e+00 0.000000000000000000e+00 6.521739130434782428e-02 0.000000000000000000e+00 0.000000000000000000e+00 0.000000000000000000e+00 0.000000000000000000e+00 4.130434782608695676e-01 0.000000000000000000e+00 0.000000000000000000e+00 0.000000000000000000e+00 2.173913043478260809e-02 0.000000000000000000e+00 0.000000000000000000e+00 5.000000000000000000e-01 0.000000000000000000e+00 0.000000000000000000e+00 0.000000000000000000e+00 0.000000000000000000e+00
0.000000000000000000e+00 0.000000000000000000e+00 0.000000000000000000e+00 0.000000000000000000e+00 0.000000000000000000e+00 0.000000000000000000e+00 0.000000000000000000e+00 0.000000000000000000e+00 1.265822784810126563e-02 0.000000000000000000e+00 0.000000000000000000e+00 1.265822784810126563e-02 0.000000000000000000e+00 7.594936708860759722e-02 3.797468354430379861e-02 2.531645569620253333e-01 0.000000000000000000e+00 0.000000000000000000e+00 0.000000000000000000e+00 1.265822784810126563e-02 1.265822784810126563e-02 3.797468354430380000e-01 1.392405063291139167e-01 1.265822784810126563e-02 5.063291139240506250e-02
0.000000000000000000e+00 0.000000000000000000e+00 0.000000000000000000e+00 0.000000000000000000e+00 0.000000000000000000e+00 0.000000000000000000e+00 0.000000000000000000e+00 0.000000000000000000e+00 3.125000000000000000e-02 0.000000000000000000e+00 0.000000000000000000e+00 0.000000000000000000e+00 1.562500000000000000e-02 6.250000000000000000e-02 6.250000000000000000e-02 2.656250000000000000e-01 0.000000000000000000e+00 0.000000000000000000e+00 0.000000000000000000e+00 1.562500000000000000e-02 1.718750000000000000e-01 0.000000000000000000e+00 3.750000000000000000e-01 0.000000000000000000e+00 0.000000000000000000e+00
0.000000000000000000e+00 0.000000000000000000e+00 0.000000000000000000e+00 0.000000000000000000e+00 0.000000000000000000e+00 0.000000000000000000e+00 0.000000000000000000e+00 0.000000000000000000e+00 9.259259259259258745e-03 0.000000000000000000e+00 0.000000000000000000e+00 9.259259259259258745e-03 0.000000000000000000e+00 9.259259259259258745e-03 3.703703703703703498e-02 3.148148148148148251e-01 0.000000000000000000e+00 0.000000000000000000e+00 0.000000000000000000e+00 9.259259259259258745e-03 0.000000000000000000e+00 9.259259259259258745e-02 3.703703703703703498e-02 3.888888888888888951e-01 9.259259259259258745e-02
0.000000000000000000e+00 0.000000000000000000e+00 0.000000000000000000e+00 0.000000000000000000e+00 0.000000000000000000e+00 0.000000000000000000e+00 0.000000000000000000e+00 0.000000000000000000e+00 0.000000000000000000e+00 0.000000000000000000e+00 0.000000000000000000e+00 0.000000000000000000e+00 0.000000000000000000e+00 0.000000000000000000e+00 0.000000000000000000e+00 0.000000000000000000e+00 3.213844252163164383e-02 2.410383189122373426e-01 3.708281829419035613e-02 0.000000000000000000e+00 8.652657601977749996e-03 0.000000000000000000e+00 0.000000000000000000e+00 0.000000000000000000e+00 6.810877626699629594e-01
0.000000000000000000e+00 0.000000000000000000e+00 0.000000000000000000e+00 0.000000000000000000e+00 0.000000000000000000e+00 0.000000000000000000e+00 0.000000000000000000e+00 0.000000000000000000e+00 0.000000000000000000e+00 0.000000000000000000e+00 0.000000000000000000e+00 0.000000000000000000e+00 0.000000000000000000e+00 0.000000000000000000e+00 0.000000000000000000e+00 0.000000000000000000e+00 1.106194690265486710e-02 1.548672566371681394e-02 5.752212389380530894e-02 2.123893805309734484e-01 0.000000000000000000e+00 5.530973451327433899e-02 1.106194690265486710e-02 0.000000000000000000e+00 6.371681415929203451e-01
0.000000000000000000e+00 0.000000000000000000e+00 0.000000000000000000e+00 0.000000000000000000e+00 0.000000000000000000e+00 0.000000000000000000e+00 0.000000000000000000e+00 0.000000000000000000e+00 0.000000000000000000e+00 0.000000000000000000e+00 0.000000000000000000e+00 0.000000000000000000e+00 0.000000000000000000e+00 0.000000000000000000e+00 0.000000000000000000e+00 0.000000000000000000e+00 6.756756756756757132e-03 0.000000000000000000e+00 8.783783783783784271e-02 2.364864864864864857e-01 2.702702702702702853e-02 3.378378378378378566e-02 0.000000000000000000e+00 0.000000000000000000e+00 6.081081081081081141e-01
0.000000000000000000e+00 0.000000000000000000e+00 0.000000000000000000e+00 0.000000000000000000e+00 0.000000000000000000e+00 0.000000000000000000e+00 0.000000000000000000e+00 0.000000000000000000e+00 0.000000000000000000e+00 0.000000000000000000e+00 0.000000000000000000e+00 0.000000000000000000e+00 0.000000000000000000e+00 0.000000000000000000e+00 0.000000000000000000e+00 0.000000000000000000e+00 3.658536585365853439e-02 8.130081300813008990e-03 1.219512195121951262e-02 1.260162601626016177e-01 0.000000000000000000e+00 1.219512195121951262e-02 3.252032520325203596e-02 1.707317073170731836e-01 6.016260162601626549e-01
0.000000000000000000e+00 0.000000000000000000e+00 0.000000000000000000e+00 0.000000000000000000e+00 0.000000000000000000e+00 0.000000000000000000e+00 0.000000000000000000e+00 0.000000000000000000e+00 0.000000000000000000e+00 0.000000000000000000e+00 0.000000000000000000e+00 0.000000000000000000e+00 0.000000000000000000e+00 0.000000000000000000e+00 0.000000000000000000e+00 0.000000000000000000e+00 7.352941176470588480e-02 0.000000000000000000e+00 0.000000000000000000e+00 0.000000000000000000e+00 2.941176470588235253e-02 2.352941176470588203e-01 5.882352941176470507e-02 0.000000000000000000e+00 6.029411764705882026e-01
0.000000000000000000e+00 0.000000000000000000e+00 0.000000000000000000e+00 0.000000000000000000e+00 0.000000000000000000e+00 0.000000000000000000e+00 0.000000000000000000e+00 0.000000000000000000e+00 0.000000000000000000e+00 0.000000000000000000e+00 0.000000000000000000e+00 0.000000000000000000e+00 0.000000000000000000e+00 0.000000000000000000e+00 0.000000000000000000e+00 0.000000000000000000e+00 1.639344262295082053e-02 0.000000000000000000e+00 0.000000000000000000e+00 4.918032786885245811e-02 0.000000000000000000e+00 6.557377049180328210e-02 4.098360655737704611e-02 2.049180327868852514e-01 6.229508196721311730e-01
0.000000000000000000e+00 0.000000000000000000e+00 0.000000000000000000e+00 0.000000000000000000e+00 0.000000000000000000e+00 0.000000000000000000e+00 0.000000000000000000e+00 0.000000000000000000e+00 0.000000000000000000e+00 0.000000000000000000e+00 0.000000000000000000e+00 0.000000000000000000e+00 0.000000000000000000e+00 0.000000000000000000e+00 0.000000000000000000e+00 0.000000000000000000e+00 3.947368421052631360e-02 0.000000000000000000e+00 0.000000000000000000e+00 0.000000000000000000e+00 1.315789473684210453e-02 3.947368421052631360e-02 3.947368421052631360e-02 2.631578947368420907e-01 6.052631578947368363e-01
0.000000000000000000e+00 0.000000000000000000e+00 0.000000000000000000e+00 0.000000000000000000e+00 0.000000000000000000e+00 0.000000000000000000e+00 0.000000000000000000e+00 0.000000000000000000e+00 0.000000000000000000e+00 0.000000000000000000e+00 0.000000000000000000e+00 0.000000000000000000e+00 0.000000000000000000e+00 0.000000000000000000e+00 0.000000000000000000e+00 0.000000000000000000e+00 1.724137931034482735e-02 0.000000000000000000e+00 0.000000000000000000e+00 0.000000000000000000e+00 0.000000000000000000e+00 0.000000000000000000e+00 2.873563218390804558e-02 2.586206896551724310e-01 6.954022988505746961e-01
0.000000000000000000e+00 0.000000000000000000e+00 0.000000000000000000e+00 0.000000000000000000e+00 0.000000000000000000e+00 0.000000000000000000e+00 0.000000000000000000e+00 0.000000000000000000e+00 0.000000000000000000e+00 0.000000000000000000e+00 0.000000000000000000e+00 0.000000000000000000e+00 0.000000000000000000e+00 0.000000000000000000e+00 0.000000000000000000e+00 0.000000000000000000e+00 0.000000000000000000e+00 0.000000000000000000e+00 0.000000000000000000e+00 0.000000000000000000e+00 0.000000000000000000e+00 0.000000000000000000e+00 0.000000000000000000e+00 0.000000000000000000e+00 1.000000000000000000e+00
