3.158602150537634379e-02 2.399193548387096864e-01 4.704301075268817189e-02 0.000000000000000000e+00 4.704301075268817363e-03 0.000000000000000000e+00 0.000000000000000000e+00 0.000000000000000000e+00 6.767473118279569988e-01 0.000000000000000000e+00 0.000000000000000000e+00 0.000000000000000000e+00 0.000000000000000000e+00 0.000000000000000000e+00 0.000000000000000000e+00 0.000000000000000000e+00 0.000000000000000000e+00 0.000000000000000000e+00 0.000000000000000000e+00 0.000000000000000000e+00 0.000000000000000000e+00 0.000000000000000000e+00 0.000000000000000000e+00 0.000000000000000000e+00 0.000000000000000000e+00
3.641456582633053468e-02 0.000000000000000000e+00 6.722689075630251809e-02 1.988795518207282786e-01 2.801120448179271732e-03 1.960784313725490169e-02 3.921568627450980338e-02 0.000000000000000000e+00 5.602240896358543464e-03 4.705882352941176405e-01 3.641456582633053468e-02 0.000000000000000000e+00 0.000000000000000000e+00 0.000000000000000000e+00 0.000000000000000000e+00 0.000000000000000000e+00 8.403361344537814762e-03 1.148459383753501345e-01 0.000000000000000000e+00 0.000000000000000000e+00 0.000000000000000000e+00 0.000000000000000000e+00 0.000000000000000000e+00 0.000000000000000000e+00 0.000000000000000000e+00
1.739130434782608717e-02 0.000000000000000000e+00 3.478260869565217434e-02 1.304347826086956486e-01 2.608695652173912902e-02 6.956521739130434867e-02 0.000000000000000000e+00 0.000000000000000000e+00 0.000000000000000000e+00 1.739130434782608717e-02 5.217391304347825942e-01 0.000000000000000000e+00 1.739130434782608647e-01 0.000000000000000000e+00 0.000000000000000000e+00 0.000000000000000000e+00 8.695652173913043584e-03 0.000000000000000000e+00 0.000000000000000000e+00 0.000000000000000000e+00 0.000000000000000000e+00 0.000000000000000000e+00 0.000000000000000000e+00 0.000000000000000000e+00 0.000000000000000000e+00
2.197802197802197974e-02 0.000000000000000000e+00 1.098901098901098987e-02 5.494505494505494414e-02 0.000000000000000000e+00 2.197802197802197974e-02 6.593406593406593574e-02 2.747252747252747485e-01 0.000000000000000000e+00 0.000000000000000000e+00 0.000000000000000000e+00 3.076923076923077094e-01 0.000000000000000000e+00 1.098901098901098883e-01 3.296703296703296787e-02 0.000000000000000000e+00 0.000000000000000000e+00 0.000000000000000000e+00 1.098901098901098987e-02 0.000000000000000000e+00 0.000000000000000000e+00 8.791208791208791895e-02 0.000000000000000000e+00 0.000000000000000000e+00 0.000000000000000000e+00
0.000000000000000000e+00 0.000000000000000000e+00 0.000000000000000000e+00 0.000000000000000000e+00 0.000000000000000000e+00 2.727272727272727071e-01 0.000000000000000000e+00 0.000000000000000000e+00 0.000000000000000000e+00 0.000000000000000000e+00 0.000000000000000000e+00 0.000000000000000000e+00 7.272727272727272929e-01 0.000000000000000000e+00 0.000000000000000000e+00 0.000000000000000000e+00 0.000000000000000000e+00 0.000000000000000000e+00 0.000000000000000000e+00 0.000000000000000000e+00 0.000000000000000000e+00 0.000000000000000000e+00 0.000000000000000000e+00 0.000000000000000000e+00 0.000000000000000000e+00
0.000000000000000000e+00 0.000000000000000000e+00 0.000000000000000000e+00 0.000000000000000000e+00 0.000000000000000000e+00 9.090909090909091161e-02 0.000000000000000000e+00 1.818181818181818232e-01 0.000000000000000000e+00 0.000000000000000000e+00 0.000000000000000000e+00 0.000000000000000000e+00 0.000000000000000000e+00 5.909090909090909394e-01 9.090909090909091161e-02 0.000000000000000000e+00 0.000000000000000000e+00 0.000000000000000000e+00 0.000000000000000000e+00 0.000000000000000000e+00 4.545454545454545581e-02 0.000000000000000000e+00 0.000000000000000000e+00 0.000000000000000000e+00 0.000000000000000000e+00
0.000000000000000000e+00 0.000000000000000000e+00 0.000000000000000000e+00 0.000000000000000000e+00 0.000000000000000000e+00 0.000000000000000000e+00 0.000000000000000000e+00 4.761904761904761640e-02 0.000000000000000000e+00 0.000000000000000000e+00 0.000000000000000000e+00 0.000000000000000000e+00 4.761904761904761640e-02 0.000000000000000000e+00 9.047619047619047672e-01 0.000000000000000000e+00 0.000000000000000000e+00 0.000000000000000000e+00 0.000000000000000000e+00 0.000000000000000000e+00 0.000000000000000000e+00 0.000000000000000000e+00 0.000000000000000000e+00 0.000000000000000000e+00 0.000000000000000000e+00
2.564102564102564014e-02 0.000000000000000000e+00 0.000000000000000000e+00 0.000000000000000000e+00 0.000000000000000000e+00 0.000000000000000000e+00 2.564102564102564014e-02 2.564102564102563875e-01 0.000000000000000000e+00 0.000000000000000000e+00 0.000000000000000000e+00 0.000000000000000000e+00 0.000000000000000000e+00 1.025641025641025605e-01 2.564102564102564014e-02 4.871794871794871695e-01 0.000000000000000000e+00 0.000000000000000000e+00 0.000000000000000000e+00 0.000000000000000000e+00 0.000000000000000000e+00 7.692307692307692735e-02 0.000000000000000000e+00 0.000000000000000000e+00 0.000000000000000000e+00
0.000000000000000000e+00 0.000000000000000000e+00 0.000000000000000000e+00 0.000000000000000000e+00 0.000000000000000000e+00 0.000000000000000000e+00 0.000000000000000000e+00 0.000000000000000000e+00 2.715355805243445733e-02 2.078651685393258508e-01 3.932584269662921239e-02 0.000000000000000000e+00 1.872659176029962567e-03 0.000000000000000000e+00 0.000000000000000000e+00 0.000000000000000000e+00 7.237827715355805713e-01 0.000000000000000000e+00 0.000000000000000000e+00 0.000000000000000000e+00 0.000000000000000000e+00 0.000000000000000000e+00 0.000000000000000000e+00 0.000000000000000000e+00 0.000000000000000000e+00
0.000000000000000000e+00 0.000000000000000000e+00 0.000000000000000000e+00 0.000000000000000000e+00 0.000000000000000000e+00 0.000000000000000000e+00 0.000000000000000000e+00 0.000000000000000000e+00 3.589743589743589480e-02 0.000000000000000000e+00 7.179487179487178961e-02 2.076923076923077038e-01 2.564102564102564100e-03 3.846153846153846367e-02 3.846153846153846367e-02 0.000000000000000000e+00 1.025641025641025640e-02 4.615384615384615641e-01 3.846153846153846367e-02 0.000000000000000000e+00 0.000000000000000000e+00 0.000000000000000000e+00 0.000000000000000000e+00 0.000000000000000000e+00 9.487179487179486781e-02
0.000000000000000000e+00 0.000000000000000000e+00 0.000000000000000000e+00 0.000000000000000000e+00 0.000000000000000000e+00 0.000000000000000000e+00 0.000000000000000000e+00 0.000000000000000000e+00 4.487179487179487197e-02 0.000000000000000000e+00 7.692307692307692735e-02 1.410256410256410242e-01 4.487179487179487197e-02 5.128205128205128027e-02 6.410256410256410034e-03 0.000000000000000000e+00 0.000000000000000000e+00 0.000000000000000000e+00 4.679487179487179516e-01 0.000000000000000000e+00 1.602564102564102699e-01 0.000000000000000000e+00 0.000000000000000000e+00 0.000000000000000000e+00 6.410256410256410034e-03
0.000000000000000000e+00 0.000000000000000000e+00 0.000000000000000000e+00 0.000000000000000000e+00 0.000000000000000000e+00 0.000000000000000000e+00 0.000000000000000000e+00 0.000000000000000000e+00 2.649006622516556289e-02 0.000000000000000000e+00 0.000000000000000000e+00 1.059602649006622516e-01 0.000000000000000000e+00 1.986754966887417304e-02 7.284768211920529535e-02 2.516556291390728561e-01 0.000000000000000000e+00 6.622516556291390723e-03 6.622516556291390723e-03 3.112582781456953440e-01 0.000000000000000000e+00 1.192052980132450313e-01 2.649006622516556289e-02 0.000000000000000000e+00 5.298013245033112578e-02
0.000000000000000000e+00 0.000000000000000000e+00 0.000000000000000000e+00 0.000000000000000000e+00 0.000000000000000000e+00 0.000000000000000000e+00 0.000000000000000000e+00 0.000000000000000000e+00 2.564102564102564014e-02 0.000000000000000000e+00 0.000000000000000000e+00 0.000000000000000000e+00 0.000000000000000000e+00 2.564102564102563875e-01 1.025641025641025605e-01 0.000000000000000000e+00 0.000000000000000000e+00 0.000000000000000000e+00 0.000000000000000000e+00 0.000000000000000000e+00 6.153846153846154188e-01 0.000000000000000000e+00 0.000000000000000000e+00 0.000000000000000000e+00 0.000000000000000000e+00
0.000000000000000000e+00 0.000000000000000000e+00 0.000000000000000000e+00 0.000000000000000000e+00 0.000000000000000000e+00 0.000000000000000000e+00 0.000000000000000000e+00 0.000000000000000000e+00 2.739726027397260122e-02 0.000000000000000000e+00 0.000000000000000000e+00 2.739726027397260122e-02 0.000000000000000000e+00 8.219178082191780366e-02 4.109589041095890183e-02 2.191780821917808098e-01 0.000000000000000000e+00 0.000000000000000000e+00 0.000000000000000000e+00 1.369863013698630061e-02 2.739726027397260122e-02 4.246575342465753189e-01 1.369863013698630061e-02 1.369863013698630061e-02 1.095890410958904049e-01
0.000000000000000000e+00 0.000000000000000000e+00 0.000000000000000000e+00 0.000000000000000000e+00 0.000000000000000000e+00 0.000000000000000000e+00 0.000000000000000000e+00 0.000000000000000000e+00 1.369863013698630061e-02 0.000000000000000000e+00 0.000000000000000000e+00 0.000000000000000000e+00 6.849315068493150305e-02 6.849315068493150305e-02 4.109589041095890183e-02 2.191780821917808098e-01 0.000000000000000000e+00 0.000000000000000000e+00 0.000000000000000000e+00 0.000000000000000000e+00 9.589041095890410427e-02 1.369863013698630061e-02 4.657534246575342207e-01 0.000000000000000000e+00 1.369863013698630061e-02
0.000000000000000000e+00 0.000000000000000000e+00 0.000000000000000000e+00 0.000000000000000000e+00 0.000000000000000000e+00 0.000000000000000000e+00 0.000000000000000000e+00 0.000000000000000000e+00 3.076923076923077094e-02 0.000000000000000000e+00 0.000000000000000000e+00 7.692307692307692735e-03 0.000000000000000000e+00 0.000000000000000000e+00 4.615384615384615641e-02 3.153846153846153744e-01 0.000000000000000000e+00 0.000000000000000000e+00 0.000000000000000000e+00 0.000000000000000000e+00 0.000000000000000000e+00 1.000000000000000056e-01 3.076923076923077094e-02 3.846153846153846367e-01 8.461538461538462008e-02
0.000000000000000000e+00 0.000000000000000000e+00 0.000000000000000000e+00 0.000000000000000000e+00 0.000000000000000000e+00 0.000000000000000000e+00 0.000000000000000000e+00 0.000000000000000000e+00 0.000000000000000000e+00 0.000000000000000000e+00 0.000000000000000000e+00 0.000000000000000000e+00 0.000000000000000000e+00 0.000000000000000000e+00 0.000000000000000000e+00 0.000000000000000000e+00 2.524038461538461592e-02 2.343750000000000000e-01 4.687500000000000000e-02 0.000000000000000000e+00 3.605769230769230969e-03 0.000000000000000000e+00 0.000000000000000000e+00 0.000000000000000000e+00 6.899038461538461453e-01
0.000000000000000000e+00 0.000000000000000000e+00 0.000000000000000000e+00 0.000000000000000000e+00 0.000000000000000000e+00 0.000000000000000000e+00 0.000000000000000000e+00 0.000000000000000000e+00 0.000000000000000000e+00 0.000000000000000000e+00 0.000000000000000000e+00 0.000000000000000000e+00 0.000000000000000000e+00 0.000000000000000000e+00 0.000000000000000000e+00 0.000000000000000000e+00 3.037383177570093448e-02 2.336448598130841034e-02 7.009345794392522755e-02 1.985981308411214896e-01 0.000000000000000000e+00 5.140186915887850344e-02 1.401869158878504655e-02 0.000000000000000000e+00 6.121495327102803863e-01
0.000000000000000000e+00 0.000000000000000000e+00 0.000000000000000000e+00 0.000000000000000000e+00 0.000000000000000000e+00 0.000000000000000000e+00 0.000000000000000000e+00 0.000000000000000000e+00 0.000000000000000000e+00 0.000000000000000000e+00 0.000000000000000000e+00 0.000000000000000000e+00 0.000000000000000000e+00 0.000000000000000000e+00 0.000000000000000000e+00 0.000000000000000000e+00 4.142011834319526964e-02 0.000000000000000000e+00 4.733727810650887463e-02 2.071005917159763343e-01 2.958579881656804578e-02 1.775147928994082885e-02 0.000000000000000000e+00 0.000000000000000000e+00 6.568047337278106745e-01
0.000000000000000000e+00 0.000000000000000000e+00 0.000000000000000000e+00 0.000000000000000000e+00 0.000000000000000000e+00 0.000000000000000000e+00 0.000000000000000000e+00 0.000000000000000000e+00 0.000000000000000000e+00 0.000000000000000000e+00 0.000000000000000000e+00 0.000000000000000000e+00 0.000000000000000000e+00 0.000000000000000000e+00 0.000000000000000000e+00 0.000000000000000000e+00 1.990049751243781057e-02 4.975124378109452641e-03 4.975124378109452641e-03 1.044776119402985037e-01 0.000000000000000000e+00 0.000000000000000000e+00 2.985074626865671585e-02 1.741293532338308581e-01 6.616915422885571996e-01
0.000000000000000000e+00 0.000000000000000000e+00 0.000000000000000000e+00 0.000000000000000000e+00 0.000000000000000000e+00 0.000000000000000000e+00 0.000000000000000000e+00 0.000000000000000000e+00 0.000000000000000000e+00 0.000000000000000000e+00 0.000000000000000000e+00 0.000000000000000000e+00 0.000000000000000000e+00 0.000000000000000000e+00 0.000000000000000000e+00 0.000000000000000000e+00 1.538461538461538547e-02 0.000000000000000000e+00 0.000000000000000000e+00 0.000000000000000000e+00 3.076923076923077094e-02 3.384615384615384803e-01 0.000000000000000000e+00 0.000000000000000000e+00 6.153846153846154188e-01
0.000000000000000000e+00 0.000000000000000000e+00 0.000000000000000000e+00 0.000000000000000000e+00 0.000000000000000000e+00 0.000000000000000000e+00 0.000000000000000000e+00 0.000000000000000000e+00 0.000000000000000000e+00 0.000000000000000000e+00 0.000000000000000000e+00 0.000000000000000000e+00 0.000000000000000000e+00 0.000000000000000000e+00 0.000000000000000000e+00 0.000000000000000000e+00 3.703703703703703498e-02 0.000000000000000000e+00 0.000000000000000000e+00 8.148148148148148806e-02 0.000000000000000000e+00 8.888888888888889228e-02 4.444444444444444614e-02 1.629629629629629761e-01 5.851851851851851416e-01
0.000000000000000000e+00 0.000000000000000000e+00 0.000000000000000000e+00 0.000000000000000000e+00 0.000000000000000000e+00 0.000000000000000000e+00 0.000000000000000000e+00 0.000000000000000000e+00 0.000000000000000000e+00 0.000000000000000000e+00 0.000000000000000000e+00 0.000000000000000000e+00 0.000000000000000000e+00 0.000000000000000000e+00 0.000000000000000000e+00 0.000000000000000000e+00 2.898550724637681195e-02 0.000000000000000000e+00 0.000000000000000000e+00 0.000000000000000000e+00 0.000000000000000000e+00 4.347826086956521618e-02 1.449275362318840597e-02 2.753623188405797118e-01 6.376811594202898004e-01
0.000000000000000000e+00 0.000000000000000000e+00 0.000000000000000000e+00 0.000000000000000000e+00 0.000000000000000000e+00 0.000000000000000000e+00 0.000000000000000000e+00 0.000000000000000000e+00 0.000000000000000000e+00 0.000000000000000000e+00 0.000000000000000000e+00 0.000000000000000000e+00 0.000000000000000000e+00 0.000000000000000000e+00 0.000000000000000000e+00 0.000000000000000000e+00 1.829268292682926719e-02 0.000000000000000000e+00 0.000000000000000000e+00 2.439024390243902524e-02 0.000000000000000000e+00 0.000000000000000000e+00 4.268292682926829590e-02 2.256097560975609817e-01 6.890243902439023849e-01
0.000000000000000000e+00 0.000000000000000000e+00 0.000000000000000000e+00 0.000000000000000000e+00 0.000000000000000000e+00 0.000000000000000000e+00 0.000000000000000000e+00 0.000000000000000000e+00 0.000000000000000000e+00 0.000000000000000000e+00 0.000000000000000000e+00 0.000000000000000000e+00 0.000000000000000000e+00 0.000000000000000000e+00 0.000000000000000000e+00 0.000000000000000000e+00 0.000000000000000000e+00 0.000000000000000000e+00 0.000000000000000000e+00 0.000000000000000000e+00 0.000000000000000000e+00 0.000000000000000000e+00 0.000000000000000000e+00 0.000000000000000000e+00 1.000000000000000000e+00
