2.903443619176232157e-02 2.194463200540175685e-01 5.131667792032410663e-02 0.000000000000000000e+00 1.350438892640108126e-03 0.000000000000000000e+00 0.000000000000000000e+00 0.000000000000000000e+00 6.988521269412558690e-01 0.000000000000000000e+00 0.000000000000000000e+00 0.000000000000000000e+00 0.000000000000000000e+00 0.000000000000000000e+00 0.000000000000000000e+00 0.000000000000000000e+00 0.000000000000000000e+00 0.000000000000000000e+00 0.000000000000000000e+00 0.000000000000000000e+00 0.000000000000000000e+00 0.000000000000000000e+00 0.000000000000000000e+00 0.000000000000000000e+00 0.000000000000000000e+00
5.151515151515151381e-02 6.060606060606060601e-03 4.242424242424242681e-02 1.545454545454545414e-01 0.000000000000000000e+00 3.636363636363636187e-02 2.727272727272727140e-02 0.000000000000000000e+00 1.515151515151515194e-02 5.060606060606060996e-01 5.151515151515151381e-02 3.030303030303030300e-03 6.060606060606060601e-03 0.000000000000000000e+00 0.000000000000000000e+00 0.000000000000000000e+00 3.030303030303030300e-03 9.090909090909091161e-02 0.000000000000000000e+00 0.000000000000000000e+00 0.000000000000000000e+00 6.060606060606060601e-03 0.000000000000000000e+00 0.000000000000000000e+00 0.000000000000000000e+00
2.678571428571428423e-02 8.928571428571428076e-03 3.571428571428571230e-02 2.232142857142857262e-01 2.678571428571428423e-02 1.071428571428571369e-01 1.785714285714285615e-02 0.000000000000000000e+00 0.000000000000000000e+00 1.785714285714285615e-02 4.017857142857143016e-01 0.000000000000000000e+00 1.339285714285714246e-01 0.000000000000000000e+00 0.000000000000000000e+00 0.000000000000000000e+00 0.000000000000000000e+00 0.000000000000000000e+00 0.000000000000000000e+00 0.000000000000000000e+00 0.000000000000000000e+00 0.000000000000000000e+00 0.000000000000000000e+00 0.000000000000000000e+00 0.000000000000000000e+00
2.247191011235954994e-02 2.247191011235954994e-02 0.000000000000000000e+00 6.741573033707864981e-02 0.000000000000000000e+00 1.123595505617977497e-02 6.741573033707864981e-02 1.460674157303370746e-01 0.000000000000000000e+00 0.000000000000000000e+00 0.000000000000000000e+00 4.044943820224718989e-01 0.000000000000000000e+00 7.865168539325842478e-02 7.865168539325842478e-02 0.000000000000000000e+00 0.000000000000000000e+00 0.000000000000000000e+00 1.123595505617977497e-02 2.247191011235954994e-02 0.000000000000000000e+00 6.741573033707864981e-02 0.000000000000000000e+00 0.000000000000000000e+00 0.000000000000000000e+00
0.000000000000000000e+00 0.000000000000000000e+00 0.000000000000000000e+00 0.000000000000000000e+00 0.000000000000000000e+00 2.500000000000000000e-01 0.000000000000000000e+00 0.000000000000000000e+00 0.000000000000000000e+00 0.000000000000000000e+00 0.000000000000000000e+00 0.000000000000000000e+00 7.500000000000000000e-01 0.000000000000000000e+00 0.000000000000000000e+00 0.000000000000000000e+00 0.000000000000000000e+00 0.000000000000000000e+00 0.000000000000000000e+00 0.000000000000000000e+00 0.000000000000000000e+00 0.000000000000000000e+00 0.000000000000000000e+00 0.000000000000000000e+00 0.000000000000000000e+00
4.545454545454545581e-02 0.000000000000000000e+00 0.000000000000000000e+00 2.727272727272727071e-01 0.000000000000000000e+00 4.545454545454545581e-02 0.000000000000000000e+00 1.363636363636363535e-01 0.000000000000000000e+00 0.000000000000000000e+00 0.000000000000000000e+00 0.000000000000000000e+00 0.000000000000000000e+00 3.181818181818181768e-01 1.363636363636363535e-01 0.000000000000000000e+00 0.000000000000000000e+00 0.000000000000000000e+00 0.000000000000000000e+00 0.000000000000000000e+00 0.000000000000000000e+00 4.545454545454545581e-02 0.000000000000000000e+00 0.000000000000000000e+00 0.000000000000000000e+00
0.000000000000000000e+00 0.000000000000000000e+00 0.000000000000000000e+00 0.000000000000000000e+00 0.000000000000000000e+00 4.761904761904761640e-02 9.523809523809523281e-02 4.761904761904761640e-02 0.000000000000000000e+00 0.000000000000000000e+00 0.000000000000000000e+00 0.000000000000000000e+00 2.857142857142856984e-01 0.000000000000000000e+00 5.238095238095238360e-01 0.000000000000000000e+00 0.000000000000000000e+00 0.000000000000000000e+00 0.000000000000000000e+00 0.000000000000000000e+00 0.000000000000000000e+00 0.000000000000000000e+00 0.000000000000000000e+00 0.000000000000000000e+00 0.000000000000000000e+00
6.666666666666666574e-02 0.000000000000000000e+00 0.000000000000000000e+00 3.333333333333333287e-02 0.000000000000000000e+00 0.000000000000000000e+00 3.333333333333333287e-02 2.999999999999999889e-01 0.000000000000000000e+00 0.000000000000000000e+00 0.000000000000000000e+00 0.000000000000000000e+00 0.000000000000000000e+00 1.000000000000000056e-01 3.333333333333333287e-02 2.333333333333333370e-01 0.000000000000000000e+00 0.000000000000000000e+00 0.000000000000000000e+00 0.000000000000000000e+00 0.000000000000000000e+00 6.666666666666666574e-02 0.000000000000000000e+00 1.333333333333333315e-01 0.000000000000000000e+00
0.000000000000000000e+00 0.000000000000000000e+00 0.000000000000000000e+00 0.000000000000000000e+00 0.000000000000000000e+00 0.000000000000000000e+00 0.000000000000000000e+00 0.000000000000000000e+00 2.978339350180505413e-02 2.364620938628158864e-01 4.693140794223826795e-02 0.000000000000000000e+00 2.707581227436822984e-03 0.000000000000000000e+00 0.000000000000000000e+00 0.000000000000000000e+00 6.841155234657039230e-01 0.000000000000000000e+00 0.000000000000000000e+00 0.000000000000000000e+00 0.000000000000000000e+00 0.000000000000000000e+00 0.000000000000000000e+00 0.000000000000000000e+00 0.000000000000000000e+00
0.000000000000000000e+00 0.000000000000000000e+00 0.000000000000000000e+00 0.000000000000000000e+00 0.000000000000000000e+00 0.000000000000000000e+00 0.000000000000000000e+00 0.000000000000000000e+00 4.608294930875576206e-02 2.304147465437788016e-03 7.142857142857142461e-02 1.935483870967741882e-01 0.000000000000000000e+00 5.760368663594470084e-02 3.686635944700460826e-02 0.000000000000000000e+00 2.534562211981566948e-02 4.262672811059907696e-01 5.990783410138248583e-02 0.000000000000000000e+00 0.000000000000000000e+00 0.000000000000000000e+00 0.000000000000000000e+00 0.000000000000000000e+00 8.064516129032257841e-02
0.000000000000000000e+00 0.000000000000000000e+00 0.000000000000000000e+00 0.000000000000000000e+00 0.000000000000000000e+00 0.000000000000000000e+00 0.000000000000000000e+00 0.000000000000000000e+00 3.144654088050314461e-02 0.000000000000000000e+00 8.176100628930817182e-02 1.949685534591195091e-01 4.402515723270439968e-02 5.660377358490566169e-02 6.289308176100629269e-03 0.000000000000000000e+00 6.289308176100629269e-03 6.289308176100629269e-03 4.088050314465409008e-01 6.289308176100629269e-03 1.572327044025157161e-01 0.000000000000000000e+00 0.000000000000000000e+00 0.000000000000000000e+00 0.000000000000000000e+00
0.000000000000000000e+00 0.000000000000000000e+00 0.000000000000000000e+00 0.000000000000000000e+00 0.000000000000000000e+00 0.000000000000000000e+00 0.000000000000000000e+00 0.000000000000000000e+00 1.086956521739130405e-02 1.086956521739130405e-02 0.000000000000000000e+00 1.195652173913043514e-01 0.000000000000000000e+00 4.891304347826087168e-02 5.978260869565217572e-02 1.521739130434782705e-01 0.000000000000000000e+00 5.434782608695652023e-03 1.086956521739130405e-02 4.076086956521738913e-01 0.000000000000000000e+00 4.347826086956521618e-02 2.173913043478260809e-02 0.000000000000000000e+00 1.086956521739130405e-01
0.000000000000000000e+00 0.000000000000000000e+00 0.000000000000000000e+00 0.000000000000000000e+00 0.000000000000000000e+00 0.000000000000000000e+00 0.000000000000000000e+00 0.000000000000000000e+00 5.714285714285714107e-02 0.000000000000000000e+00 0.000000000000000000e+00 0.000000000000000000e+00 0.000000000000000000e+00 4.000000000000000222e-01 5.714285714285714107e-02 0.000000000000000000e+00 0.000000000000000000e+00 2.857142857142857054e-02 0.000000000000000000e+00 0.000000000000000000e+00 4.571428571428571286e-01 0.000000000000000000e+00 0.000000000000000000e+00 0.000000000000000000e+00 0.000000000000000000e+00
0.000000000000000000e+00 0.000000000000000000e+00 0.000000000000000000e+00 0.000000000000000000e+00 0.000000000000000000e+00 0.000000000000000000e+00 0.000000000000000000e+00 0.000000000000000000e+00 3.333333333333333287e-02 0.000000000000000000e+00 0.000000000000000000e+00 8.888888888888889228e-02 0.000000000000000000e+00 1.555555555555555580e-01 3.333333333333333287e-02 1.444444444444444309e-01 0.000000000000000000e+00 1.111111111111111154e-02 0.000000000000000000e+00 0.000000000000000000e+00 0.000000000000000000e+00 3.777777777777777679e-01 4.444444444444444614e-02 0.000000000000000000e+00 1.111111111111111049e-01
0.000000000000000000e+00 0.000000000000000000e+00 0.000000000000000000e+00 0.000000000000000000e+00 0.000000000000000000e+00 0.000000000000000000e+00 0.000000000000000000e+00 0.000000000000000000e+00 1.492537313432835792e-02 0.000000000000000000e+00 1.492537313432835792e-02 0.000000000000000000e+00 2.985074626865671585e-02 5.970149253731343170e-02 7.462686567164178442e-02 2.537313432835821003e-01 0.000000000000000000e+00 0.000000000000000000e+00 0.000000000000000000e+00 0.000000000000000000e+00 2.985074626865671585e-02 5.970149253731343170e-02 4.626865671641791078e-01 0.000000000000000000e+00 0.000000000000000000e+00
0.000000000000000000e+00 0.000000000000000000e+00 0.000000000000000000e+00 0.000000000000000000e+00 0.000000000000000000e+00 0.000000000000000000e+00 0.000000000000000000e+00 0.000000000000000000e+00 2.247191011235954994e-02 0.000000000000000000e+00 0.000000000000000000e+00 2.247191011235954994e-02 0.000000000000000000e+00 0.000000000000000000e+00 4.494382022471909988e-02 2.696629213483145993e-01 0.000000000000000000e+00 0.000000000000000000e+00 0.000000000000000000e+00 1.123595505617977497e-02 0.000000000000000000e+00 8.988764044943819975e-02 3.370786516853932491e-02 3.932584269662921517e-01 1.123595505617977497e-01
0.000000000000000000e+00 0.000000000000000000e+00 0.000000000000000000e+00 0.000000000000000000e+00 0.000000000000000000e+00 0.000000000000000000e+00 0.000000000000000000e+00 0.000000000000000000e+00 0.000000000000000000e+00 0.000000000000000000e+00 0.000000000000000000e+00 0.000000000000000000e+00 0.000000000000000000e+00 0.000000000000000000e+00 0.000000000000000000e+00 0.000000000000000000e+00 2.666666666666666838e-02 2.727272727272727071e-01 6.060606060606060774e-02 0.000000000000000000e+00 4.848484848484848481e-03 0.000000000000000000e+00 0.000000000000000000e+00 0.000000000000000000e+00 6.351515151515151336e-01
0.000000000000000000e+00 0.000000000000000000e+00 0.000000000000000000e+00 0.000000000000000000e+00 0.000000000000000000e+00 0.000000000000000000e+00 0.000000000000000000e+00 0.000000000000000000e+00 0.000000000000000000e+00 0.000000000000000000e+00 0.000000000000000000e+00 0.000000000000000000e+00 0.000000000000000000e+00 0.000000000000000000e+00 0.000000000000000000e+00 0.000000000000000000e+00 2.004454342984409929e-02 1.113585746102449883e-02 8.240534521158128511e-02 1.581291759465478786e-01 0.000000000000000000e+00 5.122494432071269393e-02 3.118040089086859812e-02 0.000000000000000000e+00 6.458797327394208976e-01
0.000000000000000000e+00 0.000000000000000000e+00 0.000000000000000000e+00 0.000000000000000000e+00 0.000000000000000000e+00 0.000000000000000000e+00 0.000000000000000000e+00 0.000000000000000000e+00 0.000000000000000000e+00 0.000000000000000000e+00 0.000000000000000000e+00 0.000000000000000000e+00 0.000000000000000000e+00 0.000000000000000000e+00 0.000000000000000000e+00 0.000000000000000000e+00 3.260869565217391214e-02 0.000000000000000000e+00 3.804347826086956763e-02 2.065217391304347838e-01 3.804347826086956763e-02 1.630434782608695607e-02 5.434782608695652023e-03 0.000000000000000000e+00 6.630434782608695121e-01
0.000000000000000000e+00 0.000000000000000000e+00 0.000000000000000000e+00 0.000000000000000000e+00 0.000000000000000000e+00 0.000000000000000000e+00 0.000000000000000000e+00 0.000000000000000000e+00 0.000000000000000000e+00 0.000000000000000000e+00 0.000000000000000000e+00 0.000000000000000000e+00 0.000000000000000000e+00 0.000000000000000000e+00 0.000000000000000000e+00 0.000000000000000000e+00 5.357142857142856845e-02 4.464285714285714038e-03 0.000000000000000000e+00 1.294642857142857262e-01 0.000000000000000000e+00 0.000000000000000000e+00 4.017857142857143155e-02 1.294642857142857262e-01 6.428571428571429047e-01
0.000000000000000000e+00 0.000000000000000000e+00 0.000000000000000000e+00 0.000000000000000000e+00 0.000000000000000000e+00 0.000000000000000000e+00 0.000000000000000000e+00 0.000000000000000000e+00 0.000000000000000000e+00 0.000000000000000000e+00 0.000000000000000000e+00 0.000000000000000000e+00 0.000000000000000000e+00 0.000000000000000000e+00 0.000000000000000000e+00 0.000000000000000000e+00 1.818181818181818094e-02 0.000000000000000000e+00 0.000000000000000000e+00 0.000000000000000000e+00 0.000000000000000000e+00 3.454545454545454586e-01 3.636363636363636187e-02 0.000000000000000000e+00 5.999999999999999778e-01
0.000000000000000000e+00 0.000000000000000000e+00 0.000000000000000000e+00 0.000000000000000000e+00 0.000000000000000000e+00 0.000000000000000000e+00 0.000000000000000000e+00 0.000000000000000000e+00 0.000000000000000000e+00 0.000000000000000000e+00 0.000000000000000000e+00 0.000000000000000000e+00 0.000000000000000000e+00 0.000000000000000000e+00 0.000000000000000000e+00 0.000000000000000000e+00 4.132231404958677801e-02 0.000000000000000000e+00 0.000000000000000000e+00 6.611570247933884481e-02 8.264462809917355601e-03 7.438016528925620041e-02 4.958677685950413361e-02 1.652892561983471120e-01 5.950413223140496033e-01
0.000000000000000000e+00 0.000000000000000000e+00 0.000000000000000000e+00 0.000000000000000000e+00 0.000000000000000000e+00 0.000000000000000000e+00 0.000000000000000000e+00 0.000000000000000000e+00 0.000000000000000000e+00 0.000000000000000000e+00 0.000000000000000000e+00 0.000000000000000000e+00 0.000000000000000000e+00 0.000000000000000000e+00 0.000000000000000000e+00 0.000000000000000000e+00 4.494382022471909988e-02 0.000000000000000000e+00 0.000000000000000000e+00 0.000000000000000000e+00 2.247191011235954994e-02 2.247191011235954994e-02 8.988764044943819975e-02 2.584269662921348520e-01 5.617977528089888040e-01
0.000000000000000000e+00 0.000000000000000000e+00 0.000000000000000000e+00 0.000000000000000000e+00 0.000000000000000000e+00 0.000000000000000000e+00 0.000000000000000000e+00 0.000000000000000000e+00 0.000000000000000000e+00 0.000000000000000000e+00 0.000000000000000000e+00 0.000000000000000000e+00 0.000000000000000000e+00 0.000000000000000000e+00 0.000000000000000000e+00 0.000000000000000000e+00 2.127659574468085055e-02 0.000000000000000000e+00 0.000000000000000000e+00 2.127659574468085055e-02 0.000000000000000000e+00 0.000000000000000000e+00 3.546099290780142105e-02 2.340425531914893664e-01 6.879432624113475114e-01
0.000000000000000000e+00 0.000000000000000000e+00 0.000000000000000000e+00 0.000000000000000000e+00 0.000000000000000000e+00 0.000000000000000000e+00 0.000000000000000000e+00 0.000000000000000000e+00 0.000000000000000000e+00 0.000000000000000000e+00 0.000000000000000000e+00 0.000000000000000000e+00 0.000000000000000000e+00 0.000000000000000000e+00 0.000000000000000000e+00 0.000000000000000000e+00 0.000000000000000000e+00 0.000000000000000000e+00 0.000000000000000000e+00 0.000000000000000000e+00 0.000000000000000000e+00 0.000000000000000000e+00 0.000000000000000000e+00 0.000000000000000000e+00 1.000000000000000000e+00
