2.815934065934065991e-02 2.293956043956043855e-01 4.807692307692307959e-02 0.000000000000000000e+00 4.807692307692307959e-03 0.000000000000000000e+00 0.000000000000000000e+00 0.000000000000000000e+00 6.895604395604395531e-01 0.000000000000000000e+00 0.000000000000000000e+00 0.000000000000000000e+00 0.000000000000000000e+00 0.000000000000000000e+00 0.000000000000000000e+00 0.000000000000000000e+00 0.000000000000000000e+00 0.000000000000000000e+00 0.000000000000000000e+00 0.000000000000000000e+00 0.000000000000000000e+00 0.000000000000000000e+00 0.000000000000000000e+00 0.000000000000000000e+00 0.000000000000000000e+00
2.967359050445103966e-03 0.000000000000000000e+00 8.308605341246290410e-02 1.780415430267062449e-01 0.000000000000000000e+00 2.670623145400593396e-02 2.077151335311572602e-02 0.000000000000000000e+00 2.373887240356083173e-02 5.133531157270029288e-01 5.637982195845697014e-02 5.934718100890207931e-03 0.000000000000000000e+00 2.967359050445103966e-03 0.000000000000000000e+00 0.000000000000000000e+00 1.186943620178041586e-02 7.418397626112759047e-02 0.000000000000000000e+00 0.000000000000000000e+00 0.000000000000000000e+00 0.000000000000000000e+00 0.000000000000000000e+00 0.000000000000000000e+00 0.000000000000000000e+00
2.238805970149253602e-02 7.462686567164178962e-03 5.223880597014925187e-02 1.119402985074626905e-01 2.238805970149253602e-02 1.194029850746268634e-01 0.000000000000000000e+00 0.000000000000000000e+00 0.000000000000000000e+00 2.985074626865671585e-02 4.402985074626865614e-01 0.000000000000000000e+00 1.940298507462686617e-01 0.000000000000000000e+00 0.000000000000000000e+00 0.000000000000000000e+00 0.000000000000000000e+00 0.000000000000000000e+00 0.000000000000000000e+00 0.000000000000000000e+00 0.000000000000000000e+00 0.000000000000000000e+00 0.000000000000000000e+00 0.000000000000000000e+00 0.000000000000000000e+00
0.000000000000000000e+00 1.176470588235294101e-02 0.000000000000000000e+00 1.058823529411764691e-01 0.000000000000000000e+00 2.352941176470588203e-02 9.411764705882352811e-02 1.647058823529411742e-01 0.000000000000000000e+00 0.000000000000000000e+00 1.176470588235294101e-02 3.647058823529411575e-01 0.000000000000000000e+00 1.176470588235294101e-01 3.529411764705882304e-02 0.000000000000000000e+00 0.000000000000000000e+00 0.000000000000000000e+00 1.176470588235294101e-02 1.176470588235294101e-02 0.000000000000000000e+00 4.705882352941176405e-02 0.000000000000000000e+00 0.000000000000000000e+00 0.000000000000000000e+00
0.000000000000000000e+00 1.000000000000000056e-01 0.000000000000000000e+00 0.000000000000000000e+00 0.000000000000000000e+00 4.000000000000000222e-01 1.000000000000000056e-01 0.000000000000000000e+00 0.000000000000000000e+00 0.000000000000000000e+00 0.000000000000000000e+00 0.000000000000000000e+00 4.000000000000000222e-01 0.000000000000000000e+00 0.000000000000000000e+00 0.000000000000000000e+00 0.000000000000000000e+00 0.000000000000000000e+00 0.000000000000000000e+00 0.000000000000000000e+00 0.000000000000000000e+00 0.000000000000000000e+00 0.000000000000000000e+00 0.000000000000000000e+00 0.000000000000000000e+00
6.666666666666666574e-02 0.000000000000000000e+00 0.000000000000000000e+00 3.333333333333333287e-02 0.000000000000000000e+00 0.000000000000000000e+00 1.333333333333333315e-01 2.333333333333333370e-01 0.000000000000000000e+00 0.000000000000000000e+00 0.000000000000000000e+00 3.333333333333333287e-02 0.000000000000000000e+00 4.000000000000000222e-01 6.666666666666666574e-02 0.000000000000000000e+00 0.000000000000000000e+00 0.000000000000000000e+00 0.000000000000000000e+00 0.000000000000000000e+00 0.000000000000000000e+00 3.333333333333333287e-02 0.000000000000000000e+00 0.000000000000000000e+00 0.000000000000000000e+00
4.166666666666666435e-02 0.000000000000000000e+00 0.000000000000000000e+00 0.000000000000000000e+00 0.000000000000000000e+00 4.166666666666666435e-02 8.333333333333332871e-02 2.916666666666666852e-01 0.000000000000000000e+00 0.000000000000000000e+00 0.000000000000000000e+00 4.166666666666666435e-02 8.333333333333332871e-02 8.333333333333332871e-02 3.333333333333333148e-01 0.000000000000000000e+00 0.000000000000000000e+00 0.000000000000000000e+00 0.000000000000000000e+00 0.000000000000000000e+00 0.000000000000000000e+00 0.000000000000000000e+00 0.000000000000000000e+00 0.000000000000000000e+00 0.000000000000000000e+00
5.263157894736841813e-02 0.000000000000000000e+00 0.000000000000000000e+00 0.000000000000000000e+00 0.000000000000000000e+00 2.631578947368420907e-02 5.263157894736841813e-02 1.842105263157894635e-01 0.000000000000000000e+00 0.000000000000000000e+00 0.000000000000000000e+00 2.631578947368420907e-02 2.631578947368420907e-02 7.894736842105262720e-02 1.052631578947368363e-01 3.421052631578947456e-01 0.000000000000000000e+00 0.000000000000000000e+00 0.000000000000000000e+00 0.000000000000000000e+00 2.631578947368420907e-02 7.894736842105262720e-02 0.000000000000000000e+00 0.000000000000000000e+00 0.000000000000000000e+00
0.000000000000000000e+00 0.000000000000000000e+00 0.000000000000000000e+00 0.000000000000000000e+00 0.000000000000000000e+00 0.000000000000000000e+00 0.000000000000000000e+00 0.000000000000000000e+00 2.175969725638599722e-02 2.336802270577104934e-01 5.676442762535478109e-02 0.000000000000000000e+00 3.784295175023651842e-03 0.000000000000000000e+00 0.000000000000000000e+00 0.000000000000000000e+00 6.840113528855250591e-01 0.000000000000000000e+00 0.000000000000000000e+00 0.000000000000000000e+00 0.000000000000000000e+00 0.000000000000000000e+00 0.000000000000000000e+00 0.000000000000000000e+00 0.000000000000000000e+00
0.000000000000000000e+00 0.000000000000000000e+00 0.000000000000000000e+00 0.000000000000000000e+00 0.000000000000000000e+00 0.000000000000000000e+00 0.000000000000000000e+00 0.000000000000000000e+00 2.830188679245283084e-02 0.000000000000000000e+00 6.367924528301886766e-02 1.650943396226415005e-01 4.716981132075471518e-03 5.424528301886792636e-02 3.066037735849056617e-02 0.000000000000000000e+00 2.830188679245283084e-02 4.905660377358490587e-01 4.481132075471697812e-02 0.000000000000000000e+00 2.358490566037735759e-03 0.000000000000000000e+00 2.358490566037735759e-03 0.000000000000000000e+00 8.490566037735848559e-02
0.000000000000000000e+00 0.000000000000000000e+00 0.000000000000000000e+00 0.000000000000000000e+00 0.000000000000000000e+00 0.000000000000000000e+00 0.000000000000000000e+00 0.000000000000000000e+00 5.649717514124293766e-03 5.649717514124293766e-03 6.214689265536723489e-02 1.638418079096045088e-01 3.954802259887005983e-02 3.389830508474576259e-02 5.649717514124293766e-03 0.000000000000000000e+00 3.954802259887005983e-02 5.649717514124293766e-03 4.858757062146892847e-01 0.000000000000000000e+00 1.525423728813559421e-01 0.000000000000000000e+00 0.000000000000000000e+00 0.000000000000000000e+00 0.000000000000000000e+00
0.000000000000000000e+00 0.000000000000000000e+00 0.000000000000000000e+00 0.000000000000000000e+00 0.000000000000000000e+00 0.000000000000000000e+00 0.000000000000000000e+00 0.000000000000000000e+00 3.401360544217687382e-02 0.000000000000000000e+00 0.000000000000000000e+00 6.122448979591836593e-02 0.000000000000000000e+00 4.761904761904761640e-02 2.721088435374149558e-02 1.564625850340136126e-01 6.802721088435373896e-03 6.802721088435373896e-03 2.040816326530612082e-02 4.217687074829932214e-01 0.000000000000000000e+00 8.163265306122448328e-02 4.761904761904761640e-02 0.000000000000000000e+00 8.843537414965986498e-02
0.000000000000000000e+00 0.000000000000000000e+00 0.000000000000000000e+00 0.000000000000000000e+00 0.000000000000000000e+00 0.000000000000000000e+00 0.000000000000000000e+00 0.000000000000000000e+00 2.325581395348837177e-02 0.000000000000000000e+00 0.000000000000000000e+00 0.000000000000000000e+00 0.000000000000000000e+00 3.255813953488372325e-01 6.976744186046511531e-02 0.000000000000000000e+00 0.000000000000000000e+00 2.325581395348837177e-02 2.325581395348837177e-02 0.000000000000000000e+00 5.348837209302325091e-01 0.000000000000000000e+00 0.000000000000000000e+00 0.000000000000000000e+00 0.000000000000000000e+00
0.000000000000000000e+00 0.000000000000000000e+00 0.000000000000000000e+00 0.000000000000000000e+00 0.000000000000000000e+00 0.000000000000000000e+00 0.000000000000000000e+00 0.000000000000000000e+00 1.123595505617977497e-02 0.000000000000000000e+00 0.000000000000000000e+00 2.247191011235954994e-02 0.000000000000000000e+00 6.741573033707864981e-02 4.494382022471909988e-02 1.797752808988763995e-01 0.000000000000000000e+00 0.000000000000000000e+00 0.000000000000000000e+00 0.000000000000000000e+00 4.494382022471909988e-02 3.707865168539326017e-01 1.573033707865168496e-01 0.000000000000000000e+00 1.011235955056179747e-01
0.000000000000000000e+00 0.000000000000000000e+00 0.000000000000000000e+00 0.000000000000000000e+00 0.000000000000000000e+00 0.000000000000000000e+00 0.000000000000000000e+00 0.000000000000000000e+00 0.000000000000000000e+00 0.000000000000000000e+00 0.000000000000000000e+00 0.000000000000000000e+00 5.263157894736841813e-02 8.771929824561403022e-02 8.771929824561403022e-02 2.280701754385964786e-01 0.000000000000000000e+00 0.000000000000000000e+00 0.000000000000000000e+00 1.754385964912280604e-02 1.403508771929824483e-01 3.508771929824561209e-02 3.508771929824561209e-01 0.000000000000000000e+00 0.000000000000000000e+00
0.000000000000000000e+00 0.000000000000000000e+00 0.000000000000000000e+00 0.000000000000000000e+00 0.000000000000000000e+00 0.000000000000000000e+00 0.000000000000000000e+00 0.000000000000000000e+00 2.380952380952380820e-02 0.000000000000000000e+00 0.000000000000000000e+00 0.000000000000000000e+00 0.000000000000000000e+00 2.380952380952380820e-02 4.761904761904761640e-02 2.261904761904761918e-01 0.000000000000000000e+00 0.000000000000000000e+00 1.190476190476190410e-02 0.000000000000000000e+00 0.000000000000000000e+00 5.952380952380952051e-02 3.571428571428571230e-02 4.523809523809523836e-01 1.190476190476190410e-01
0.000000000000000000e+00 0.000000000000000000e+00 0.000000000000000000e+00 0.000000000000000000e+00 0.000000000000000000e+00 0.000000000000000000e+00 0.000000000000000000e+00 0.000000000000000000e+00 0.000000000000000000e+00 0.000000000000000000e+00 0.000000000000000000e+00 0.000000000000000000e+00 0.000000000000000000e+00 0.000000000000000000e+00 0.000000000000000000e+00 0.000000000000000000e+00 2.420382165605095698e-02 2.178343949044586059e-01 4.331210191082802280e-02 0.000000000000000000e+00 0.000000000000000000e+00 0.000000000000000000e+00 0.000000000000000000e+00 0.000000000000000000e+00 7.146496815286623727e-01
0.000000000000000000e+00 0.000000000000000000e+00 0.000000000000000000e+00 0.000000000000000000e+00 0.000000000000000000e+00 0.000000000000000000e+00 0.000000000000000000e+00 0.000000000000000000e+00 0.000000000000000000e+00 0.000000000000000000e+00 0.000000000000000000e+00 0.000000000000000000e+00 0.000000000000000000e+00 0.000000000000000000e+00 0.000000000000000000e+00 0.000000000000000000e+00 2.158273381294964141e-02 2.398081534772182263e-02 7.913669064748200810e-02 1.750599520383692986e-01 9.592326139088728360e-03 3.836930455635491344e-02 1.438848920863309427e-02 0.000000000000000000e+00 6.378896882494005105e-01
0.000000000000000000e+00 0.000000000000000000e+00 0.000000000000000000e+00 0.000000000000000000e+00 0.000000000000000000e+00 0.000000000000000000e+00 0.000000000000000000e+00 0.000000000000000000e+00 0.000000000000000000e+00 0.000000000000000000e+00 0.000000000000000000e+00 0.000000000000000000e+00 0.000000000000000000e+00 0.000000000000000000e+00 0.000000000000000000e+00 0.000000000000000000e+00 1.058201058201058142e-02 0.000000000000000000e+00 5.820105820105819783e-02 1.904761904761904656e-01 3.703703703703703498e-02 2.116402116402116285e-02 0.000000000000000000e+00 0.000000000000000000e+00 6.825396825396825573e-01
0.000000000000000000e+00 0.000000000000000000e+00 0.000000000000000000e+00 0.000000000000000000e+00 0.000000000000000000e+00 0.000000000000000000e+00 0.000000000000000000e+00 0.000000000000000000e+00 0.000000000000000000e+00 0.000000000000000000e+00 0.000000000000000000e+00 0.000000000000000000e+00 0.000000000000000000e+00 0.000000000000000000e+00 0.000000000000000000e+00 0.000000000000000000e+00 2.790697674418604612e-02 0.000000000000000000e+00 0.000000000000000000e+00 1.441860465116279189e-01 0.000000000000000000e+00 0.000000000000000000e+00 1.860465116279069742e-02 1.302325581395348819e-01 6.790697674418604279e-01
0.000000000000000000e+00 0.000000000000000000e+00 0.000000000000000000e+00 0.000000000000000000e+00 0.000000000000000000e+00 0.000000000000000000e+00 0.000000000000000000e+00 0.000000000000000000e+00 0.000000000000000000e+00 0.000000000000000000e+00 0.000000000000000000e+00 0.000000000000000000e+00 0.000000000000000000e+00 0.000000000000000000e+00 0.000000000000000000e+00 0.000000000000000000e+00 1.333333333333333419e-02 0.000000000000000000e+00 0.000000000000000000e+00 0.000000000000000000e+00 1.333333333333333419e-02 2.933333333333333348e-01 9.333333333333333759e-02 0.000000000000000000e+00 5.866666666666666696e-01
0.000000000000000000e+00 0.000000000000000000e+00 0.000000000000000000e+00 0.000000000000000000e+00 0.000000000000000000e+00 0.000000000000000000e+00 0.000000000000000000e+00 0.000000000000000000e+00 0.000000000000000000e+00 0.000000000000000000e+00 0.000000000000000000e+00 0.000000000000000000e+00 0.000000000000000000e+00 0.000000000000000000e+00 0.000000000000000000e+00 0.000000000000000000e+00 2.654867256637168105e-02 0.000000000000000000e+00 0.000000000000000000e+00 7.964601769911504314e-02 0.000000000000000000e+00 1.061946902654867242e-01 5.309734513274336209e-02 1.415929203539822989e-01 5.929203539823009184e-01
0.000000000000000000e+00 0.000000000000000000e+00 0.000000000000000000e+00 0.000000000000000000e+00 0.000000000000000000e+00 0.000000000000000000e+00 0.000000000000000000e+00 0.000000000000000000e+00 0.000000000000000000e+00 0.000000000000000000e+00 0.000000000000000000e+00 0.000000000000000000e+00 0.000000000000000000e+00 0.000000000000000000e+00 0.000000000000000000e+00 0.000000000000000000e+00 2.564102564102564014e-02 0.000000000000000000e+00 1.282051282051282007e-02 0.000000000000000000e+00 2.564102564102564014e-02 2.564102564102564014e-02 5.128205128205128027e-02 2.307692307692307820e-01 6.282051282051281937e-01
0.000000000000000000e+00 0.000000000000000000e+00 0.000000000000000000e+00 0.000000000000000000e+00 0.000000000000000000e+00 0.000000000000000000e+00 0.000000000000000000e+00 0.000000000000000000e+00 0.000000000000000000e+00 0.000000000000000000e+00 0.000000000000000000e+00 0.000000000000000000e+00 0.000000000000000000e+00 0.000000000000000000e+00 0.000000000000000000e+00 0.000000000000000000e+00 1.351351351351351426e-02 0.000000000000000000e+00 0.000000000000000000e+00 2.702702702702702853e-02 0.000000000000000000e+00 0.000000000000000000e+00 2.027027027027027140e-02 3.243243243243243423e-01 6.148648648648649129e-01
0.000000000000000000e+00 0.000000000000000000e+00 0.000000000000000000e+00 0.000000000000000000e+00 0.000000000000000000e+00 0.000000000000000000e+00 0.000000000000000000e+00 0.000000000000000000e+00 0.000000000000000000e+00 0.000000000000000000e+00 0.000000000000000000e+00 0.000000000000000000e+00 0.000000000000000000e+00 0.000000000000000000e+00 0.000000000000000000e+00 0.000000000000000000e+00 0.000000000000000000e+00 0.000000000000000000e+00 0.000000000000000000e+00 0.000000000000000000e+00 0.000000000000000000e+00 0.000000000000000000e+00 0.000000000000000000e+00 0.000000000000000000e+00 1.000000000000000000e+00
