3.344481605351170422e-02 2.354515050167224066e-01 5.685618729096989649e-02 0.000000000000000000e+00 2.675585284280936321e-03 0.000000000000000000e+00 0.000000000000000000e+00 0.000000000000000000e+00 6.715719063545150247e-01 0.000000000000000000e+00 0.000000000000000000e+00 0.000000000000000000e+00 0.000000000000000000e+00 0.000000000000000000e+00 0.000000000000000000e+00 0.000000000000000000e+00 0.000000000000000000e+00 0.000000000000000000e+00 0.000000000000000000e+00 0.000000000000000000e+00 0.000000000000000000e+00 0.000000000000000000e+00 0.000000000000000000e+00 0.000000000000000000e+00 0.000000000000000000e+00
4.775280898876404362e-02 5.617977528089887485e-03 5.337078651685393110e-02 2.191011235955056258e-01 2.808988764044943742e-03 5.056179775280898736e-02 1.966292134831460620e-02 0.000000000000000000e+00 1.685393258426966245e-02 4.494382022471909988e-01 2.528089887640449368e-02 2.808988764044943742e-03 0.000000000000000000e+00 2.808988764044943742e-03 0.000000000000000000e+00 0.000000000000000000e+00 2.808988764044943742e-03 1.011235955056179747e-01 0.000000000000000000e+00 0.000000000000000000e+00 0.000000000000000000e+00 0.000000000000000000e+00 0.000000000000000000e+00 0.000000000000000000e+00 0.000000000000000000e+00
3.906250000000000000e-02 7.812500000000000000e-03 3.906250000000000000e-02 2.031250000000000000e-01 3.125000000000000000e-02 6.250000000000000000e-02 1.562500000000000000e-02 0.000000000000000000e+00 0.000000000000000000e+00 0.000000000000000000e+00 3.437500000000000000e-01 0.000000000000000000e+00 2.578125000000000000e-01 0.000000000000000000e+00 0.000000000000000000e+00 0.000000000000000000e+00 0.000000000000000000e+00 0.000000000000000000e+00 0.000000000000000000e+00 0.000000000000000000e+00 0.000000000000000000e+00 0.000000000000000000e+00 0.000000000000000000e+00 0.000000000000000000e+00 0.000000000000000000e+00
2.727272727272727140e-02 9.090909090909090468e-03 0.000000000000000000e+00 8.181818181818181768e-02 0.000000000000000000e+00 9.090909090909090468e-03 4.545454545454545581e-02 1.454545454545454475e-01 0.000000000000000000e+00 0.000000000000000000e+00 0.000000000000000000e+00 4.363636363636363424e-01 0.000000000000000000e+00 1.181818181818181795e-01 2.727272727272727140e-02 0.000000000000000000e+00 0.000000000000000000e+00 9.090909090909090468e-03 0.000000000000000000e+00 1.818181818181818094e-02 0.000000000000000000e+00 6.363636363636362980e-02 0.000000000000000000e+00 0.000000000000000000e+00 9.090909090909090468e-03
1.250000000000000000e-01 0.000000000000000000e+00 0.000000000000000000e+00 0.000000000000000000e+00 0.000000000000000000e+00 2.500000000000000000e-01 0.000000000000000000e+00 0.000000000000000000e+00 0.000000000000000000e+00 0.000000000000000000e+00 0.000000000000000000e+00 0.000000000000000000e+00 6.250000000000000000e-01 0.000000000000000000e+00 0.000000000000000000e+00 0.000000000000000000e+00 0.000000000000000000e+00 0.000000000000000000e+00 0.000000000000000000e+00 0.000000000000000000e+00 0.000000000000000000e+00 0.000000000000000000e+00 0.000000000000000000e+00 0.000000000000000000e+00 0.000000000000000000e+00
5.714285714285714107e-02 0.000000000000000000e+00 0.000000000000000000e+00 0.000000000000000000e+00 0.000000000000000000e+00 5.714285714285714107e-02 5.714285714285714107e-02 1.428571428571428492e-01 0.000000000000000000e+00 0.000000000000000000e+00 0.000000000000000000e+00 0.000000000000000000e+00 5.714285714285714107e-02 4.000000000000000222e-01 8.571428571428571508e-02 0.000000000000000000e+00 0.000000000000000000e+00 0.000000000000000000e+00 0.000000000000000000e+00 0.000000000000000000e+00 0.000000000000000000e+00 1.428571428571428492e-01 0.000000000000000000e+00 0.000000000000000000e+00 0.000000000000000000e+00
5.555555555555555247e-02 0.000000000000000000e+00 0.000000000000000000e+00 0.000000000000000000e+00 0.000000000000000000e+00 1.666666666666666574e-01 0.000000000000000000e+00 2.777777777777777901e-01 0.000000000000000000e+00 0.000000000000000000e+00 0.000000000000000000e+00 0.000000000000000000e+00 0.000000000000000000e+00 0.000000000000000000e+00 5.000000000000000000e-01 0.000000000000000000e+00 0.000000000000000000e+00 0.000000000000000000e+00 0.000000000000000000e+00 0.000000000000000000e+00 0.000000000000000000e+00 0.000000000000000000e+00 0.000000000000000000e+00 0.000000000000000000e+00 0.000000000000000000e+00
0.000000000000000000e+00 0.000000000000000000e+00 0.000000000000000000e+00 0.000000000000000000e+00 0.000000000000000000e+00 2.777777777777777624e-02 2.777777777777777624e-02 2.777777777777777901e-01 0.000000000000000000e+00 0.000000000000000000e+00 0.000000000000000000e+00 0.000000000000000000e+00 2.777777777777777624e-02 1.388888888888888951e-01 8.333333333333332871e-02 3.888888888888888951e-01 0.000000000000000000e+00 0.000000000000000000e+00 0.000000000000000000e+00 0.000000000000000000e+00 0.000000000000000000e+00 0.000000000000000000e+00 2.777777777777777624e-02 0.000000000000000000e+00 0.000000000000000000e+00
0.000000000000000000e+00 0.000000000000000000e+00 0.000000000000000000e+00 0.000000000000000000e+00 0.000000000000000000e+00 0.000000000000000000e+00 0.000000000000000000e+00 0.000000000000000000e+00 3.249767873723305445e-02 2.367688022284122618e-01 5.013927576601671238e-02 0.000000000000000000e+00 9.285051067780872823e-04 0.000000000000000000e+00 0.000000000000000000e+00 0.000000000000000000e+00 6.796657381615598403e-01 0.000000000000000000e+00 0.000000000000000000e+00 0.000000000000000000e+00 0.000000000000000000e+00 0.000000000000000000e+00 0.000000000000000000e+00 0.000000000000000000e+00 0.000000000000000000e+00
0.000000000000000000e+00 0.000000000000000000e+00 0.000000000000000000e+00 0.000000000000000000e+00 0.000000000000000000e+00 0.000000000000000000e+00 0.000000000000000000e+00 0.000000000000000000e+00 3.588516746411483244e-02 2.392344497607655409e-03 6.698564593301435666e-02 2.033492822966507241e-01 0.000000000000000000e+00 3.588516746411483244e-02 2.870813397129186664e-02 2.392344497607655409e-03 2.870813397129186664e-02 4.234449760765550130e-01 4.066985645933014065e-02 2.392344497607655409e-03 9.569377990430621636e-03 0.000000000000000000e+00 0.000000000000000000e+00 0.000000000000000000e+00 1.196172248803827748e-01
0.000000000000000000e+00 0.000000000000000000e+00 0.000000000000000000e+00 0.000000000000000000e+00 0.000000000000000000e+00 0.000000000000000000e+00 0.000000000000000000e+00 0.000000000000000000e+00 1.418439716312056703e-02 7.092198581560283516e-03 4.255319148936170109e-02 1.985815602836879523e-01 1.418439716312056703e-02 9.219858156028368223e-02 1.418439716312056703e-02 0.000000000000000000e+00 1.418439716312056703e-02 7.092198581560283516e-03 4.255319148936170248e-01 0.000000000000000000e+00 1.560283687943262443e-01 0.000000000000000000e+00 0.000000000000000000e+00 0.000000000000000000e+00 1.418439716312056703e-02
0.000000000000000000e+00 0.000000000000000000e+00 0.000000000000000000e+00 0.000000000000000000e+00 0.000000000000000000e+00 0.000000000000000000e+00 0.000000000000000000e+00 0.000000000000000000e+00 4.972375690607734600e-02 5.524861878453038444e-03 0.000000000000000000e+00 8.839779005524861510e-02 0.000000000000000000e+00 1.104972375690607689e-02 6.077348066298342288e-02 1.381215469613259750e-01 0.000000000000000000e+00 1.104972375690607689e-02 5.524861878453038444e-03 3.425414364640884113e-01 5.524861878453038444e-03 1.325966850828729227e-01 4.972375690607734600e-02 0.000000000000000000e+00 9.944751381215469199e-02
0.000000000000000000e+00 0.000000000000000000e+00 0.000000000000000000e+00 0.000000000000000000e+00 0.000000000000000000e+00 0.000000000000000000e+00 0.000000000000000000e+00 0.000000000000000000e+00 2.500000000000000139e-02 0.000000000000000000e+00 0.000000000000000000e+00 0.000000000000000000e+00 0.000000000000000000e+00 3.250000000000000111e-01 7.499999999999999722e-02 0.000000000000000000e+00 0.000000000000000000e+00 0.000000000000000000e+00 0.000000000000000000e+00 0.000000000000000000e+00 5.749999999999999556e-01 0.000000000000000000e+00 0.000000000000000000e+00 0.000000000000000000e+00 0.000000000000000000e+00
0.000000000000000000e+00 0.000000000000000000e+00 0.000000000000000000e+00 0.000000000000000000e+00 0.000000000000000000e+00 0.000000000000000000e+00 0.000000000000000000e+00 0.000000000000000000e+00 1.265822784810126563e-02 0.000000000000000000e+00 0.000000000000000000e+00 2.531645569620253125e-02 0.000000000000000000e+00 0.000000000000000000e+00 3.797468354430379861e-02 2.784810126582278333e-01 0.000000000000000000e+00 0.000000000000000000e+00 0.000000000000000000e+00 1.265822784810126563e-02 1.265822784810126563e-02 4.430379746835442778e-01 6.329113924050633333e-02 0.000000000000000000e+00 1.139240506329113889e-01
0.000000000000000000e+00 0.000000000000000000e+00 0.000000000000000000e+00 0.000000000000000000e+00 0.000000000000000000e+00 0.000000000000000000e+00 0.000000000000000000e+00 0.000000000000000000e+00 0.000000000000000000e+00 0.000000000000000000e+00 0.000000000000000000e+00 0.000000000000000000e+00 0.000000000000000000e+00 3.278688524590164105e-02 8.196721311475409222e-02 2.622950819672131284e-01 0.000000000000000000e+00 0.000000000000000000e+00 0.000000000000000000e+00 1.639344262295082053e-02 1.803278688524590223e-01 3.278688524590164105e-02 3.934426229508196649e-01 0.000000000000000000e+00 0.000000000000000000e+00
0.000000000000000000e+00 0.000000000000000000e+00 0.000000000000000000e+00 0.000000000000000000e+00 0.000000000000000000e+00 0.000000000000000000e+00 0.000000000000000000e+00 0.000000000000000000e+00 4.210526315789473589e-02 0.000000000000000000e+00 0.000000000000000000e+00 2.105263157894736795e-02 0.000000000000000000e+00 1.052631578947368397e-02 3.157894736842105365e-02 1.789473684210526327e-01 0.000000000000000000e+00 0.000000000000000000e+00 0.000000000000000000e+00 0.000000000000000000e+00 0.000000000000000000e+00 1.052631578947368363e-01 5.263157894736841813e-02 4.000000000000000222e-01 1.578947368421052544e-01
0.000000000000000000e+00 0.000000000000000000e+00 0.000000000000000000e+00 0.000000000000000000e+00 0.000000000000000000e+00 0.000000000000000000e+00 0.000000000000000000e+00 0.000000000000000000e+00 0.000000000000000000e+00 0.000000000000000000e+00 0.000000000000000000e+00 0.000000000000000000e+00 0.000000000000000000e+00 0.000000000000000000e+00 0.000000000000000000e+00 0.000000000000000000e+00 2.503128911138923635e-02 2.428035043804755988e-01 5.131414267834793347e-02 0.000000000000000000e+00 1.251564455569461861e-03 0.000000000000000000e+00 0.000000000000000000e+00 0.000000000000000000e+00 6.795994993742178192e-01
0.000000000000000000e+00 0.000000000000000000e+00 0.000000000000000000e+00 0.000000000000000000e+00 0.000000000000000000e+00 0.000000000000000000e+00 0.000000000000000000e+00 0.000000000000000000e+00 0.000000000000000000e+00 0.000000000000000000e+00 0.000000000000000000e+00 0.000000000000000000e+00 0.000000000000000000e+00 0.000000000000000000e+00 0.000000000000000000e+00 0.000000000000000000e+00 2.380952380952380820e-02 1.904761904761904934e-02 6.428571428571427937e-02 2.166666666666666741e-01 2.380952380952381167e-03 3.809523809523809867e-02 2.857142857142857054e-02 0.000000000000000000e+00 6.071428571428570953e-01
0.000000000000000000e+00 0.000000000000000000e+00 0.000000000000000000e+00 0.000000000000000000e+00 0.000000000000000000e+00 0.000000000000000000e+00 0.000000000000000000e+00 0.000000000000000000e+00 0.000000000000000000e+00 0.000000000000000000e+00 0.000000000000000000e+00 0.000000000000000000e+00 0.000000000000000000e+00 0.000000000000000000e+00 0.000000000000000000e+00 0.000000000000000000e+00 3.921568627450980338e-02 6.535947712418300852e-03 4.575163398692810163e-02 2.614379084967320410e-01 1.307189542483660170e-02 1.307189542483660170e-02 6.535947712418300852e-03 0.000000000000000000e+00 6.143790849673202992e-01
0.000000000000000000e+00 0.000000000000000000e+00 0.000000000000000000e+00 0.000000000000000000e+00 0.000000000000000000e+00 0.000000000000000000e+00 0.000000000000000000e+00 0.000000000000000000e+00 0.000000000000000000e+00 0.000000000000000000e+00 0.000000000000000000e+00 0.000000000000000000e+00 0.000000000000000000e+00 0.000000000000000000e+00 0.000000000000000000e+00 0.000000000000000000e+00 2.575107296137339047e-02 4.291845493562231745e-03 8.583690987124463490e-03 1.072961373390557971e-01 0.000000000000000000e+00 1.716738197424892698e-02 3.862660944206008917e-02 1.545064377682403567e-01 6.437768240343347825e-01
0.000000000000000000e+00 0.000000000000000000e+00 0.000000000000000000e+00 0.000000000000000000e+00 0.000000000000000000e+00 0.000000000000000000e+00 0.000000000000000000e+00 0.000000000000000000e+00 0.000000000000000000e+00 0.000000000000000000e+00 0.000000000000000000e+00 0.000000000000000000e+00 0.000000000000000000e+00 0.000000000000000000e+00 0.000000000000000000e+00 0.000000000000000000e+00 1.492537313432835792e-02 0.000000000000000000e+00 0.000000000000000000e+00 0.000000000000000000e+00 1.492537313432835792e-02 2.388059701492537268e-01 1.492537313432835792e-02 0.000000000000000000e+00 7.164179104477611526e-01
0.000000000000000000e+00 0.000000000000000000e+00 0.000000000000000000e+00 0.000000000000000000e+00 0.000000000000000000e+00 0.000000000000000000e+00 0.000000000000000000e+00 0.000000000000000000e+00 0.000000000000000000e+00 0.000000000000000000e+00 0.000000000000000000e+00 0.000000000000000000e+00 0.000000000000000000e+00 0.000000000000000000e+00 0.000000000000000000e+00 0.000000000000000000e+00 1.470588235294117627e-02 0.000000000000000000e+00 0.000000000000000000e+00 8.823529411764706454e-02 0.000000000000000000e+00 9.558823529411764053e-02 4.411764705882353227e-02 1.397058823529411797e-01 6.176470588235294379e-01
0.000000000000000000e+00 0.000000000000000000e+00 0.000000000000000000e+00 0.000000000000000000e+00 0.000000000000000000e+00 0.000000000000000000e+00 0.000000000000000000e+00 0.000000000000000000e+00 0.000000000000000000e+00 0.000000000000000000e+00 0.000000000000000000e+00 0.000000000000000000e+00 0.000000000000000000e+00 0.000000000000000000e+00 0.000000000000000000e+00 0.000000000000000000e+00 4.494382022471909988e-02 0.000000000000000000e+00 0.000000000000000000e+00 0.000000000000000000e+00 1.123595505617977497e-02 4.494382022471909988e-02 3.370786516853932491e-02 2.359550561797752743e-01 6.292134831460673983e-01
0.000000000000000000e+00 0.000000000000000000e+00 0.000000000000000000e+00 0.000000000000000000e+00 0.000000000000000000e+00 0.000000000000000000e+00 0.000000000000000000e+00 0.000000000000000000e+00 0.000000000000000000e+00 0.000000000000000000e+00 0.000000000000000000e+00 0.000000000000000000e+00 0.000000000000000000e+00 0.000000000000000000e+00 0.000000000000000000e+00 0.000000000000000000e+00 3.246753246753246447e-02 0.000000000000000000e+00 0.000000000000000000e+00 1.298701298701298787e-02 0.000000000000000000e+00 0.000000000000000000e+00 7.792207792207792028e-02 2.662337662337662114e-01 6.103896103896103709e-01
0.000000000000000000e+00 0.000000000000000000e+00 0.000000000000000000e+00 0.000000000000000000e+00 0.000000000000000000e+00 0.000000000000000000e+00 0.000000000000000000e+00 0.000000000000000000e+00 0.000000000000000000e+00 0.000000000000000000e+00 0.000000000000000000e+00 0.000000000000000000e+00 0.000000000000000000e+00 0.000000000000000000e+00 0.000000000000000000e+00 0.000000000000000000e+00 0.000000000000000000e+00 0.000000000000000000e+00 0.000000000000000000e+00 0.000000000000000000e+00 0.000000000000000000e+00 0.000000000000000000e+00 0.000000000000000000e+00 0.000000000000000000e+00 1.000000000000000000e+00
