2.384196185286103706e-02 2.241144414168937393e-01 4.087193460490463198e-02 0.000000000000000000e+00 3.405994550408719332e-03 0.000000000000000000e+00 0.000000000000000000e+00 0.000000000000000000e+00 7.077656675749318671e-01 0.000000000000000000e+00 0.000000000000000000e+00 0.000000000000000000e+00 0.000000000000000000e+00 0.000000000000000000e+00 0.000000000000000000e+00 0.000000000000000000e+00 0.000000000000000000e+00 0.000000000000000000e+00 0.000000000000000000e+00 0.000000000000000000e+00 0.000000000000000000e+00 0.000000000000000000e+00 0.000000000000000000e+00 0.000000000000000000e+00 0.000000000000000000e+00
1.823708206686929997e-02 0.000000000000000000e+00 5.167173252279635282e-02 2.279635258358662653e-01 0.000000000000000000e+00 4.863221884498480224e-02 3.951367781155015052e-02 0.000000000000000000e+00 1.215805471124620056e-02 3.920972644376899963e-01 5.775075987841945396e-02 0.000000000000000000e+00 0.000000000000000000e+00 0.000000000000000000e+00 0.000000000000000000e+00 0.000000000000000000e+00 6.079027355623100280e-03 1.458966565349543998e-01 0.000000000000000000e+00 0.000000000000000000e+00 0.000000000000000000e+00 0.000000000000000000e+00 0.000000000000000000e+00 0.000000000000000000e+00 0.000000000000000000e+00
1.086956521739130405e-02 0.000000000000000000e+00 2.173913043478260809e-02 1.630434782608695676e-01 3.260869565217391214e-02 5.434782608695652023e-02 0.000000000000000000e+00 0.000000000000000000e+00 0.000000000000000000e+00 1.086956521739130405e-02 4.565217391304347561e-01 0.000000000000000000e+00 2.391304347826087029e-01 0.000000000000000000e+00 0.000000000000000000e+00 0.000000000000000000e+00 1.086956521739130405e-02 0.000000000000000000e+00 0.000000000000000000e+00 0.000000000000000000e+00 0.000000000000000000e+00 0.000000000000000000e+00 0.000000000000000000e+00 0.000000000000000000e+00 0.000000000000000000e+00
1.052631578947368397e-02 0.000000000000000000e+00 0.000000000000000000e+00 4.210526315789473589e-02 0.000000000000000000e+00 1.052631578947368397e-02 7.368421052631578261e-02 1.368421052631579038e-01 0.000000000000000000e+00 0.000000000000000000e+00 0.000000000000000000e+00 3.578947368421052655e-01 0.000000000000000000e+00 1.368421052631579038e-01 9.473684210526316096e-02 0.000000000000000000e+00 0.000000000000000000e+00 2.105263157894736795e-02 2.105263157894736795e-02 1.052631578947368397e-02 0.000000000000000000e+00 8.421052631578947179e-02 0.000000000000000000e+00 0.000000000000000000e+00 0.000000000000000000e+00
0.000000000000000000e+00 0.000000000000000000e+00 0.000000000000000000e+00 0.000000000000000000e+00 0.000000000000000000e+00 1.250000000000000000e-01 1.250000000000000000e-01 0.000000000000000000e+00 0.000000000000000000e+00 0.000000000000000000e+00 0.000000000000000000e+00 0.000000000000000000e+00 7.500000000000000000e-01 0.000000000000000000e+00 0.000000000000000000e+00 0.000000000000000000e+00 0.000000000000000000e+00 0.000000000000000000e+00 0.000000000000000000e+00 0.000000000000000000e+00 0.000000000000000000e+00 0.000000000000000000e+00 0.000000000000000000e+00 0.000000000000000000e+00 0.000000000000000000e+00
3.846153846153846367e-02 0.000000000000000000e+00 0.000000000000000000e+00 3.846153846153846367e-02 0.000000000000000000e+00 7.692307692307692735e-02 1.153846153846153910e-01 2.307692307692307820e-01 0.000000000000000000e+00 0.000000000000000000e+00 0.000000000000000000e+00 3.846153846153846367e-02 3.846153846153846367e-02 3.076923076923077094e-01 3.846153846153846367e-02 0.000000000000000000e+00 0.000000000000000000e+00 0.000000000000000000e+00 0.000000000000000000e+00 0.000000000000000000e+00 0.000000000000000000e+00 7.692307692307692735e-02 0.000000000000000000e+00 0.000000000000000000e+00 0.000000000000000000e+00
0.000000000000000000e+00 0.000000000000000000e+00 0.000000000000000000e+00 0.000000000000000000e+00 0.000000000000000000e+00 7.692307692307692735e-02 0.000000000000000000e+00 3.846153846153846367e-02 0.000000000000000000e+00 0.000000000000000000e+00 3.846153846153846367e-02 0.000000000000000000e+00 7.692307692307692735e-02 0.000000000000000000e+00 7.692307692307692735e-01 0.000000000000000000e+00 0.000000000000000000e+00 0.000000000000000000e+00 0.000000000000000000e+00 0.000000000000000000e+00 0.000000000000000000e+00 0.000000000000000000e+00 0.000000000000000000e+00 0.000000000000000000e+00 0.000000000000000000e+00
0.000000000000000000e+00 0.000000000000000000e+00 0.000000000000000000e+00 0.000000000000000000e+00 0.000000000000000000e+00 0.000000000000000000e+00 7.692307692307692735e-02 1.923076923076923184e-01 0.000000000000000000e+00 0.000000000000000000e+00 0.000000000000000000e+00 0.000000000000000000e+00 0.000000000000000000e+00 3.846153846153846367e-02 1.923076923076923184e-01 3.846153846153846367e-01 0.000000000000000000e+00 0.000000000000000000e+00 0.000000000000000000e+00 0.000000000000000000e+00 0.000000000000000000e+00 3.846153846153846367e-02 3.846153846153846367e-02 3.846153846153846367e-02 0.000000000000000000e+00
0.000000000000000000e+00 0.000000000000000000e+00 0.000000000000000000e+00 0.000000000000000000e+00 0.000000000000000000e+00 0.000000000000000000e+00 0.000000000000000000e+00 0.000000000000000000e+00 2.486187845303867300e-02 2.375690607734806670e-01 4.604051565377532268e-02 0.000000000000000000e+00 5.524861878453038444e-03 0.000000000000000000e+00 0.000000000000000000e+00 0.000000000000000000e+00 6.860036832412522712e-01 0.000000000000000000e+00 0.000000000000000000e+00 0.000000000000000000e+00 0.000000000000000000e+00 0.000000000000000000e+00 0.000000000000000000e+00 0.000000000000000000e+00 0.000000000000000000e+00
0.000000000000000000e+00 0.000000000000000000e+00 0.000000000000000000e+00 0.000000000000000000e+00 0.000000000000000000e+00 0.000000000000000000e+00 0.000000000000000000e+00 0.000000000000000000e+00 1.534526854219948888e-02 2.557544757033248291e-03 7.416879795396419395e-02 2.199488491048593453e-01 5.115089514066496583e-03 5.370843989769821109e-02 2.813299232736572730e-02 0.000000000000000000e+00 2.813299232736572730e-02 4.092071611253196850e-01 4.603580562659846664e-02 0.000000000000000000e+00 0.000000000000000000e+00 0.000000000000000000e+00 0.000000000000000000e+00 0.000000000000000000e+00 1.176470588235294101e-01
0.000000000000000000e+00 0.000000000000000000e+00 0.000000000000000000e+00 0.000000000000000000e+00 0.000000000000000000e+00 0.000000000000000000e+00 0.000000000000000000e+00 0.000000000000000000e+00 1.379310344827586188e-02 6.896551724137930939e-03 2.758620689655172376e-02 1.586206896551724255e-01 4.137931034482758563e-02 9.655172413793103314e-02 6.896551724137930939e-03 0.000000000000000000e+00 6.896551724137930939e-03 0.000000000000000000e+00 4.482758620689655249e-01 0.000000000000000000e+00 1.862068965517241492e-01 0.000000000000000000e+00 0.000000000000000000e+00 0.000000000000000000e+00 6.896551724137930939e-03
0.000000000000000000e+00 0.000000000000000000e+00 0.000000000000000000e+00 0.000000000000000000e+00 0.000000000000000000e+00 0.000000000000000000e+00 0.000000000000000000e+00 0.000000000000000000e+00 2.484472049689440826e-02 6.211180124223602064e-03 0.000000000000000000e+00 8.074534161490683204e-02 0.000000000000000000e+00 1.242236024844720413e-02 4.968944099378881651e-02 1.739130434782608647e-01 1.242236024844720413e-02 6.211180124223602064e-03 6.211180124223602064e-03 3.540372670807453437e-01 0.000000000000000000e+00 8.695652173913043237e-02 5.590062111801242378e-02 0.000000000000000000e+00 1.304347826086956486e-01
0.000000000000000000e+00 0.000000000000000000e+00 0.000000000000000000e+00 0.000000000000000000e+00 0.000000000000000000e+00 0.000000000000000000e+00 0.000000000000000000e+00 0.000000000000000000e+00 2.325581395348837177e-02 0.000000000000000000e+00 0.000000000000000000e+00 0.000000000000000000e+00 0.000000000000000000e+00 1.860465116279069742e-01 4.651162790697674354e-02 0.000000000000000000e+00 0.000000000000000000e+00 4.651162790697674354e-02 0.000000000000000000e+00 0.000000000000000000e+00 6.976744186046511809e-01 0.000000000000000000e+00 0.000000000000000000e+00 0.000000000000000000e+00 0.000000000000000000e+00
0.000000000000000000e+00 0.000000000000000000e+00 0.000000000000000000e+00 0.000000000000000000e+00 0.000000000000000000e+00 0.000000000000000000e+00 0.000000000000000000e+00 0.000000000000000000e+00 2.631578947368420907e-02 0.000000000000000000e+00 0.000000000000000000e+00 3.947368421052631360e-02 1.315789473684210453e-02 2.631578947368420907e-02 5.263157894736841813e-02 2.368421052631578816e-01 0.000000000000000000e+00 1.315789473684210453e-02 0.000000000000000000e+00 1.315789473684210453e-02 0.000000000000000000e+00 4.210526315789473450e-01 3.947368421052631360e-02 0.000000000000000000e+00 1.184210526315789408e-01
0.000000000000000000e+00 0.000000000000000000e+00 0.000000000000000000e+00 0.000000000000000000e+00 0.000000000000000000e+00 0.000000000000000000e+00 0.000000000000000000e+00 0.000000000000000000e+00 1.369863013698630061e-02 1.369863013698630061e-02 0.000000000000000000e+00 0.000000000000000000e+00 2.739726027397260122e-02 9.589041095890410427e-02 2.739726027397260122e-02 1.917808219178082085e-01 0.000000000000000000e+00 0.000000000000000000e+00 0.000000000000000000e+00 0.000000000000000000e+00 8.219178082191780366e-02 1.369863013698630061e-02 5.205479452054794232e-01 0.000000000000000000e+00 1.369863013698630061e-02
0.000000000000000000e+00 0.000000000000000000e+00 0.000000000000000000e+00 0.000000000000000000e+00 0.000000000000000000e+00 0.000000000000000000e+00 0.000000000000000000e+00 0.000000000000000000e+00 0.000000000000000000e+00 0.000000000000000000e+00 0.000000000000000000e+00 0.000000000000000000e+00 0.000000000000000000e+00 0.000000000000000000e+00 5.208333333333333565e-02 2.708333333333333148e-01 0.000000000000000000e+00 0.000000000000000000e+00 0.000000000000000000e+00 0.000000000000000000e+00 0.000000000000000000e+00 1.041666666666666713e-01 4.166666666666666435e-02 4.270833333333333148e-01 1.041666666666666713e-01
0.000000000000000000e+00 0.000000000000000000e+00 0.000000000000000000e+00 0.000000000000000000e+00 0.000000000000000000e+00 0.000000000000000000e+00 0.000000000000000000e+00 0.000000000000000000e+00 0.000000000000000000e+00 0.000000000000000000e+00 0.000000000000000000e+00 0.000000000000000000e+00 0.000000000000000000e+00 0.000000000000000000e+00 0.000000000000000000e+00 0.000000000000000000e+00 2.846534653465346634e-02 2.524752475247524774e-01 4.207920792079208189e-02 0.000000000000000000e+00 3.712871287128712700e-03 0.000000000000000000e+00 0.000000000000000000e+00 0.000000000000000000e+00 6.732673267326733102e-01
0.000000000000000000e+00 0.000000000000000000e+00 0.000000000000000000e+00 0.000000000000000000e+00 0.000000000000000000e+00 0.000000000000000000e+00 0.000000000000000000e+00 0.000000000000000000e+00 0.000000000000000000e+00 0.000000000000000000e+00 0.000000000000000000e+00 0.000000000000000000e+00 0.000000000000000000e+00 0.000000000000000000e+00 0.000000000000000000e+00 0.000000000000000000e+00 2.546296296296296155e-02 3.009259259259259092e-02 7.638888888888889506e-02 1.620370370370370350e-01 6.944444444444444059e-03 5.092592592592592310e-02 2.314814814814814686e-02 2.314814814814814686e-03 6.226851851851852304e-01
0.000000000000000000e+00 0.000000000000000000e+00 0.000000000000000000e+00 0.000000000000000000e+00 0.000000000000000000e+00 0.000000000000000000e+00 0.000000000000000000e+00 0.000000000000000000e+00 0.000000000000000000e+00 0.000000000000000000e+00 0.000000000000000000e+00 0.000000000000000000e+00 0.000000000000000000e+00 0.000000000000000000e+00 0.000000000000000000e+00 0.000000000000000000e+00 1.840490797546012400e-02 0.000000000000000000e+00 6.134969325153374203e-02 2.085889570552147132e-01 1.840490797546012400e-02 4.294478527607362150e-02 0.000000000000000000e+00 0.000000000000000000e+00 6.503067484662576891e-01
0.000000000000000000e+00 0.000000000000000000e+00 0.000000000000000000e+00 0.000000000000000000e+00 0.000000000000000000e+00 0.000000000000000000e+00 0.000000000000000000e+00 0.000000000000000000e+00 0.000000000000000000e+00 0.000000000000000000e+00 0.000000000000000000e+00 0.000000000000000000e+00 0.000000000000000000e+00 0.000000000000000000e+00 0.000000000000000000e+00 0.000000000000000000e+00 2.512562814070351883e-02 1.507537688442210991e-02 5.025125628140703592e-03 1.206030150753768793e-01 0.000000000000000000e+00 1.507537688442210991e-02 3.015075376884421982e-02 1.005025125628140753e-01 6.884422110552763652e-01
0.000000000000000000e+00 0.000000000000000000e+00 0.000000000000000000e+00 0.000000000000000000e+00 0.000000000000000000e+00 0.000000000000000000e+00 0.000000000000000000e+00 0.000000000000000000e+00 0.000000000000000000e+00 0.000000000000000000e+00 0.000000000000000000e+00 0.000000000000000000e+00 0.000000000000000000e+00 0.000000000000000000e+00 0.000000000000000000e+00 0.000000000000000000e+00 0.000000000000000000e+00 0.000000000000000000e+00 0.000000000000000000e+00 0.000000000000000000e+00 0.000000000000000000e+00 2.173913043478260809e-01 1.594202898550724501e-01 0.000000000000000000e+00 6.231884057971014412e-01
0.000000000000000000e+00 0.000000000000000000e+00 0.000000000000000000e+00 0.000000000000000000e+00 0.000000000000000000e+00 0.000000000000000000e+00 0.000000000000000000e+00 0.000000000000000000e+00 0.000000000000000000e+00 0.000000000000000000e+00 0.000000000000000000e+00 0.000000000000000000e+00 0.000000000000000000e+00 0.000000000000000000e+00 0.000000000000000000e+00 0.000000000000000000e+00 8.064516129032257841e-03 0.000000000000000000e+00 0.000000000000000000e+00 8.870967741935484319e-02 0.000000000000000000e+00 6.451612903225806273e-02 2.419354838709677352e-02 1.612903225806451568e-01 6.532258064516128782e-01
0.000000000000000000e+00 0.000000000000000000e+00 0.000000000000000000e+00 0.000000000000000000e+00 0.000000000000000000e+00 0.000000000000000000e+00 0.000000000000000000e+00 0.000000000000000000e+00 0.000000000000000000e+00 0.000000000000000000e+00 0.000000000000000000e+00 0.000000000000000000e+00 0.000000000000000000e+00 0.000000000000000000e+00 0.000000000000000000e+00 0.000000000000000000e+00 1.020408163265306041e-02 0.000000000000000000e+00 0.000000000000000000e+00 0.000000000000000000e+00 2.040816326530612082e-02 4.081632653061224164e-02 6.122448979591836593e-02 1.530612244897959218e-01 7.142857142857143016e-01
0.000000000000000000e+00 0.000000000000000000e+00 0.000000000000000000e+00 0.000000000000000000e+00 0.000000000000000000e+00 0.000000000000000000e+00 0.000000000000000000e+00 0.000000000000000000e+00 0.000000000000000000e+00 0.000000000000000000e+00 0.000000000000000000e+00 0.000000000000000000e+00 0.000000000000000000e+00 0.000000000000000000e+00 0.000000000000000000e+00 0.000000000000000000e+00 3.703703703703703498e-02 0.000000000000000000e+00 0.000000000000000000e+00 1.481481481481481538e-02 0.000000000000000000e+00 0.000000000000000000e+00 3.703703703703703498e-02 2.666666666666666630e-01 6.444444444444444864e-01
0.000000000000000000e+00 0.000000000000000000e+00 0.000000000000000000e+00 0.000000000000000000e+00 0.000000000000000000e+00 0.000000000000000000e+00 0.000000000000000000e+00 0.000000000000000000e+00 0.000000000000000000e+00 0.000000000000000000e+00 0.000000000000000000e+00 0.000000000000000000e+00 0.000000000000000000e+00 0.000000000000000000e+00 0.000000000000000000e+00 0.000000000000000000e+00 0.000000000000000000e+00 0.000000000000000000e+00 0.000000000000000000e+00 0.000000000000000000e+00 0.000000000000000000e+00 0.000000000000000000e+00 0.000000000000000000e+00 0.000000000000000000e+00 1.000000000000000000e+00
